17627864
21874227
22552445
23157228
23425975
23599781
23732700
23903826
24179523
24535292
24604205
24658543
24660030
24708550
24715036
24865549
24940420
24944639
24968753
24970676
25096647
25119660
25136862
25289936
25322973
25323066
25323813
25330156
25369735
25370920
25420630
25434366
25471990
25482044
25524330
25536034
25546234
25572427
25592304
25607636
25607827
25621061
25667664
25695396
25720435
25738402
25738807
25739101
25776272
25789001
25793604
25811617
25815687
25846246
25856555
25936406
25955394
25955714
25973950
25998694
25999130
26004124
26004261
26034994
26045985
26081423
26134491
26135838
26135959
26136909
26137097
26151733
26156803
26160225
26164003
26165362
26170980
26186090
26228085
26238532
26238776
26239171
26239517
26251997
26252200
26252254
26252738
26259653
26347321
26352220
26355845
26361218
26407123
26432332
26458553
26497847
26497851
26499759
26503460
26549320
26549838
26553359
26554866
26561465
26573417
26580004
26601916
26622447
26622784
26631042
26647829
26648487
26676844
26693396
26695144
26697292
26708300
26708715
26717894
26718453
26718507
26754079
26781754
26795161
26803513
26844847
26847706
26854444
26854446
26892350
26893720
26893726
26896463
26934980
26935975
27035764
27061538
27065453
27073439
27081915
27082503
27123083
27158341
27174009
27186413
27220837
27221209
27223073
27232851
27239437
27284341
27307751
27329103
27330307
27347142
27356635
27429847
27430434
27446408
27484796
27484896
27485165
27498787
27498908
27498977
27569081
27572553
27573158
27582508
27600149
27602157
27633248
27648134
27653525
27657824
27665963
27698697
27701905
27748839
27748883
27748886
27768961
27826617
27878258
27878305
27900045
27904770
27915342
27926508
27938506
27956839
27997910
28000885
28004116
28026002
28101191
28123856
28143959
28159956
28184920
28188157
28203525
28214253
28255535
28259970
28268231
28314786
28322459
28337380
28339053
28350100
28358427
28379605
28381518
28391160
28396841
28402151
28454380
28469961
28487475
28498424
28498439
28513871
28521108
28522550
28529574
28534368
28535539
28537677
28539331
28543190
28560394
28565800
28586066
28587390
28617558
28627687
28636101
28655852
28656198
28656281
28656304
28661070
28672911
28677798
28678320
28679648
28680805
28685847
28688193
28693188
28693232
28705117
28713953
28714003
28714009
28714014
28714018
28714025
28714026
28722813
28724603
28731178
28742197
28742207
28742208
28744400
28746922
28764893
28765905
28765961
28770966
28770967
28772260
28777475
28781618
28781619
28781622
28781655
28782841
28791400
28796375
28810544
28810579
28810605
28810619
28810638
28816378
28821565
28849018
28849036
28849051
28849077
28854422
28857242
28857346
28860749
28864779
28881786
28885717
28894380
28901413
28902348
28904859
28927076
28941308
28942285
28944887
28944896
28946549
28950255
28950663
28962111
28962215
28968927
28983587
28990044
29017171
29023945
29024929
29036788
29039488
29039555
29039575
29042947
29042962
29048619
29048632
29048669
29055954
29057547
29058777
29058784
29058818
29060929
29067459
29068476
29073728
29085481
29085515
29091297
29100384
29115517
29115540
29119970
29125483
29128809
29131257
29138985
29143985
29144032
29144570
29150931
29152663
29164556
29164577
29171984
29175997
29176314
29207141
29207145
29207173
29207181
29215699
29221174
29228417
29228420
29228427
29231261
29231992
29232009
29236319
29241478
29245973
29246308
29250147
29250177
29251324
29251335
29254169
29254212
29257268
29257296
29274277
29278881
29278883
29285100
29286115
29286124
29286169
29289838
29296076
29301594
29315756
29323740
29328468
29332545
29335299
29339419
29340101
29344654
29345333
29361817
29364479
29364482
29371962
29377244
29377269
29391808
29399123
29399170
29412697
29414815
29416780
29424921
29424922
29434703
29434826
29434914
29436585
29436638
29436689
29449346
29453719
29456661
29456722
29462818
29466930
29467845
29495975
29512690
29512711
29517104
29523223
29540185
29558717
29563995
29565480
29565484
29575334
29575939
29581742
29616111
29616134
29636999
29641255
29656183
29658372
29667771
29669322
29687840
29689563
29693177
29693289
29705802
29716674
29737538
29737579
29749457
29749532
29750306
29762829
29764463
29767254
29769415
29781037
29791590
29802402
29803929
29805579
29845206
29845246
29845293
29863246
29888640
29895198
29898032
29899166
29901141
29901177
29904942
29916552
29917183
29922070
29923214
29928399
29932226
29943841
29944887
29949147
29963197
29984416
29991129
30007957
30015825
30015837
30015840
30015932
30024092
30024620
30036882
30045766
30048163
30048971
30049286
30049846
30058243
30071522
30074264
30098545
30106442
30107346
30112020
30116332
30116351
30116374
30125989
30126001
30129054
30132953
30132983
30140293
30144452
30145831
30145837
30156009
30157918
30161272
30176223
30198403
30205391
30214232
30214503
30218072
30224718
30226564
30244244
30257238
30257353
30272349
30272368
30280766
30280781
30286469
30287498
30290400
30296359
30308516
30310293
30312015
30312287
30317672
30320378
30320894
30338213
30340826
30344707
30355645
30355646
30355923
30365052
30365126
30365128
30370582
30378143
30382763
30387841
30402837
30402851
30405765
30415256
30415259
30417983
30423573
30425514
30430634
30431118
30453799
30464510
30468460
30471098
30477356
30481787
30483762
30483763
30486755
30515782
30523702
30524942
30526546
30529770
30536312
30537731
30537738
30542503
30542714
30542724
30543460
30547768
30551450
30553871
30562490
30563928
30565670
30565729
30569166
30569505
30575899
30577849
30588009
30588014
30607469
30613973
30614349
30621754
30628682
30628685
30628702
30633886
30644017
30651881
30656603
30656846
30664174
30666128
30676784
30697971
30702111
30728039
30737895
30771739
30774366
30774377
30779063
30779078
30791741
30803356
30805015
30816476
30816477
30816536
30842339
30848513
30854048
30854680
30861305
30861415
30863481
30863948
30864726
30886065
30890138
30896829
30896857
30906471
30909188
30909750
30911349
30914452
30915739
30916820
30916824
30920988
30923460
30930982
30939040
30941768
30941961
30941973
30942425
30942624
30949340
30962271
30964159
30964160
30964162
30964164
30964172
30964176
30980700
30981108
30983015
30984551
30988733
30989694
31001861
31002124
31002157
31006666
31009136
31011291
31027517
31032946
31037832
31039578
31040702
31044454
31047870
31064819
31066040
31076544
31079326
31081080
31081093
31088485
31093972
31106707
31111550
31111564
31114322
31114332
31114354
31114986
31115000
31115027
31115482
31115501
31116509
31118676
31124134
31126199
31127027
31128046
31131636
31135180
31138034
31138258
31139020
31144384
31151422
31169309
31171015
31173283
31173284
31173293
31177611
31184221
31184222
31184227
31184231
31189740
31190877
31197942
31204533
31210290
31210293
31210296
31210306
31210307
31210315
31213086
31213835
31220945
31222748
31222827
31239710
31239777
31243880
31257454
31257521
31257936
31267802
31283006
31286521
31286799
31289501
31292669
31297873
31298312
31298314
31298319
31298320
31298321
31298322
31298331
31298333
31298355
31298373
31298410
31299862
31299866
31300525
31301304
31307224
31308744
31311830
31316632
31319766
31322006
31330497
31334669
31344658
31347170
31352788
31352804
31360068
31364117
31364118
31371979
31371994
31378881
31378884
31378887
31378891
31378892
31378895
31382188
31383783
31387394
31387405
31388302
31389568
31389595
31389600
31389604
31400607
31401873
31404298
31409725
31411527
31413208
31417280
31417317
31432697
31433570
31434545
31436472
31444982
31447585
31452716
31454697
31456425
31456460
31460785
31463646
31479922
31481647
31486481
31486489
31496747
31498006
31500519
31513359
31516562
31519771
31522605
31522607
31531877
31534970
31538334
31539117
31539121
31539135
31545400
31545411
31556312
31556319
31563120
31564894
31564913
31568657
31571495
31571500
31571906
31571997
31573758
31581347
31581847
31599415
31599419
31602228
31602275
31608699
31612049
31612419
31618367
31621909
31621972
31630562
31633219
31633220
31637704
31638257
31642074
31643094
31646560
31646575
31646794
31648103
31652456
31655854
31674072
31674073
31680303
31686864
31692056
31692261
31693094
31695410
31695414
31696476
31696484
31701999
31741130
31749882
31751585
31758671
31773678
31773681
31773696
31773702
31778440
31778668
31786876
31786877
31788047
31789387
31794890
31799648
31799660
31799664
31799673
31802647
31802908
31810390
31811854
31814737
31819474
31819510
31836919
31837606
31838274
31841178
31841180
31841211
31841990
31852247
31852293
31852342
31858535
31858543
31858548
31858549
31858552
31858555
31865777
31875354
31877407
31894251
31900116
31901150
31902747
31902794
31913544
31914803
31922233
31922313
31930662
31933941
31933942
31951852
31953923
31957816
31957826
31957827
31957830
31961485
31966055
31967380
31981860
31983100
32002031
32014885
32016962
32016964
32016975
32016976
32021248
32021454
32021459
32027070
32039453
32048306
32048412
32057904
32070139
32076465
32076624
32082174
32096151
32096152
32096154
32096155
32096158
32096166
32096177
32096182
32096208
32099382
32099402
32103995
32116086
32130788
32141539
32141541
32141543
32141551
32141556
32141562
32158221
32158233
32161467
32194674
32194676
32196588
32196593
32196602
32200272
32210576
32214826
32218823
32222024
32236565
32256796
32266860
32271411
32271439
32273718
32273759
32273764
32277651
32277652
32277672
32280241
32284694
32286148
32303144
32306838
32308105
32308412
32308428
32310826
32319550
32322665
32325430
32329660
32329831
32329832
32343879
32343928
32346298
32351986
32352004
32365279
32368078
32373950
32373970
32379491
32379984
32389049
32391804
32396690
32396707
32401301
32425721
32426266
32431541
32432729
32432751
32432760
32440211
32452513
32461977
32463473
32470200
32495864
32495865
32495870
32495881
32514247
32521859
32521867
32526477
32537941
32596384
32606778
32606933
32615889
32626924
32633343
32633353
32634265
32636642
32646340
32657545
32684844
32685476
32685526
32685532
32691991
32699535
32714990
32716315
32724792
32733938
32764958
32765702
32766308
32775413
32784268
32793730
32801754
32801769
32801867
32801961
32816608
32821159
32848463
32850336
32851074
32855707
32864005
32884293
32904382
32923396
32935296
32945353
32945476
32952601
32964019
32964916
32964979
32973416
32982273
32982292
32982308
32982411
32999631
33000682
33006671
33029504
33042456
33061424
33061593
33061598
33064959
33092435
33097691
33099316
33100093
33109266
33109774
33110207
33116647
33116849
33123239
33123591
33125099
33133224
33145996
33154675
33174608
33193850
33199830
33204298
33204699
33204722
33223519
33232688
33235469
33244240
33245099
33251047
33262607
33262651
33262943
33274229
33277850
33277851
33277856
33277863
33277865
33277868
33294298
33311453
33335424
33335425
33335579
33340525
33376400
33376519
33380834
33380835
33397384
33416153
33426072
33430878
33440348
33442262
33469313
33469379
33470388
33495812
33500662
33505988
33531835
33575332
33575336
33576460
33603486
33604009
33613927
33628824
33643054
33649808
33650641
33650645
33654429
33655711
33664828
33681363
33681364
33681624
33682985
33688500
33708618
33727043
33741494
33747188
33747418
33760215
33777224
33791081
33791361
33791367
33811437
33814931
33815591
33815731
33816619
33816622
33824698
33833823
33842336
33846765
33855074
33860045
33869006
33869626
33880593
33898106
33898626
33907842
33928162
33932496
33936579
33937395
33952250
33954199
33958893
33968717
33987445
33992085
33997016
34007265
34010341
34055094
34055978
34055989
34056000
34079285
34080658
34095306
34103994
34129838
34136566
34136575
34141456
34158819
34158913
34189138
34195288
34212047
34221079
34221091
34221105
34221297
34221304
34239937
34250086
34257632
34257633
34257702
34257854
34261474
34285576
34306047
34306175
34306176
34306585
34306604
34307685
34335864
34336168
34337018
34337047
34337058
34337060
34367540
34368345
34373837
34394388
34395629
34396433
34408781
34415232
34422089
34429767
34435915
34447525
34447527
34457028
34485511
34485520
34485531
34497853
34504548
34512774
34527067
34527170
34539796
34552988
34557228
34557255
34567116
34567487
34580594
34603481
34603482
34603911
34604388
34604389
34608411
34616847
34631879
34659450
34659631
34659676
34671449
34671450
34691228
34691377
34691379
34707683
34707800
34712319
34712356
34712735
34721658
34721827
34729077
34729919
34733329
34733461
34734089
34745278
34745288
34745323
34745324
34745496
34745507
34745510
34745511
34746300
34760142
34765013
34765675
34777566
34777569
34777728
34785952
34790249
34790819
34795881
34795882
34795888
34803403
34804451
34804455
34812269
34840598
34840695
34840696
34840703
34845413
34845414
34845420
34853603
34853791
34858518
34868516
34868525
34868534
34869770
34873418
34873428
34876921
34876968
34877356
34880978
34888022
34888378
34888380
34900029
34900190
34901275
34912471
34917302
34925537
34925544
34925738
34925743
34938359
34950224
34950443
34956399
34966440
34966441
34976327
34988226
35003236
35003326
35005012
35005016
35005025
35028117
35028122
35035517
35035524
35035531
35035655
35035806
35035814
35035818
35035826
35035855
35046724
35047055
35047056
35047057
35047154
35069777
35069780
35069846
35070246
35075371
35082509
35082911
35082916
35087613
35096128
35096129
35103068
35103069
35103072
35111235
35111848
35116073
35126619
35126622
35126623
35126664
35126665
35126901
35126904
35126951
35132312
35136416
35141331
35154614
35154619
35155681
35156506
35178114
35178158
35178454
35186110
35190750
35211186
35222682
35222807
35222878
35222880
35222883
35233463
35242202
35242216
35242247
35242299
35251295
35251478
35251568
35251576
35251580
35252444
35265172
35265711
35280124
35281529
35281533
35281945
35281946
35281953
35309830
35309842
35310041
35310184
35310188
35310196
35313511
35313514
35320997
35321202
35340228
35340234
35340241
35341013
35341178
35345664
35348981
35360484
35368912
35368919
35368923
35368937
35368946
35368955
35368966
35371279
35371285
35372571
35378785
35378937
35378943
35386214
35386230
35388316
35388328
35392038
35392146
35392155
35392358
35399858
35402611
35402616
35419458
35432558
35432591
35432729
35432823
35444702
35444778
35444783
35444785
35449837
35449849
35449870
35463065
35463276
35463655
35463688
35463689
35463992
35464043
35464999
35465180
35465182
35465183
35480082
35480140
35480143
35480155
35481447
35494518
35494528
35495878
35496037
35496045
35496056
35498127
35498147
35498280
35516454
35518348
35528175
35528245
35528536
35528541
35529034
35529254
35529260
35529265
35529915
35529923
35529932
35535226
35535325
35539582
35541468
35541776
35542088
35558576
35571719
35571732
35571733
35571734
35571741
35572056
35578596
35586688
35586820
35591864
35592654
35592684
35607300
35607429
35607647
35615012
35620047
35620225
35620403
35633885
35634081
35634178
35646297
35647179
35647181
35647192
35651927
35651928
35655476
35655723
35655916
35656463
35663343
35664943
35668777
35669642
35669731
35677196
35685351
35685721
35686033
35686230
35692580
35692593
35692594
35692595
35693699
35693706
35694276
35706508
35706510
35706846
35707044
35707375
35707377
35710754
35712008
35712071
35720042
35720901
35721234
35721237
35721238
35721255
35721822
35722147
35726221
35733626
35747400
35747500
35756405
35756407
35756408
35756415
35756867
35756868
35757475
35757482
35761974
35769670
35769676
35774271
35774297
35774742
35782055
35782062
35783190
35783192
35783505
35783513
35783518
35789648
35794903
35795270
35795286
35795731
35795769
35799652
35799659
35799671
35799892
35800004
35800188
35800205
35800238
35801464
35813220
35813221
35813230
35813236
35813418
35814563
35814566
35814577
35815263
35815267
35815268
35815288
35821889
35832124
35832243
35832299
35832513
35832531
35832845
35833060
35833081
35836827
35836922
35836925
35844445
35844448
35844463
35844466
35845574
35845728
35845735
35845938
35845947
35845958
35845960
35855828
35855840
35860003
35860189
35860801
35865340
35865666
35872851
35872959
35873114
35873625
35873642
35873667
35879990
35898476
35898680
35898682
35903433
35903437
35909476
35909487
35909488
35909587
35909886
35910847
35911134
35911847
35912140
35912147
35912150
35912162
35912389
35915794
35924107
35924273
35936358
35937401
35937403
35937408
35937409
35941961
35941971
35958763
35958913
35958916
35958917
35958920
35958928
35958929
35959349
35965626
35966721
35966722
35966733
35966740
35966745
35966746
35968241
35978705
35978887
35978993
35982999
35983000
35983001
35983002
35983010
35990372
35990818
35990841
35990845
35993018
35993040
35993042
35993056
36003920
36016680
36016921
36017149
36017154
36017155
36017306
36033553
36033565
36033571
36034202
36034941
36034943
36034953
36034964
36034967
36035282
36035291
36035304
36043145
36045665
36045666
36046439
36046443
36046451
36051481
36052036
36059558
36060126
36060149
36060666
36061350
36065307
36071867
36072416
36072614
36072619
36072623
36072638
36072734
36081434
36082066
36082173
36082356
36091593
36091626
36092159
36093405
36093406
36101795
36101808
36105240
36105441
36105553
36105671
36110573
36110575
36110975
36111267
36117724
36118824
36118827
36118838
36118840
36118948
36119913
36119927
36119930
36124064
36128170
36128173
36148413
36157125
36158121
36158124
36158131
36158135
36158891
36159171
36159563
36164444
36164613
36164617
36186527
36187230
36187339
36193063
36193074
36193123
36193300
36193305
36193309
36193313
36193315
36193506
36199422
36199771
36199775
36199783
36203531
36203535
36204334
36204335
36204517
36211815
36211822
36212713
36212964
36213000
36213586
36225182
36225715
36226246
36237581
36238473
36238478
36238479
36238486
36238647
36245936
36246563
36246962
36246969
36246986
36247703
36247719
36247858
36247863
36248425
36248431
36254240
36262871
36262991
36262999
36263001
36267088
36267089
36267242
36267302
36267307
36267817
36275898
36275907
36276865
36276872
36276991
36276993
36277019
36277039
36277894
36281460
36285179
36285283
36299679
36299704
36299828
36304779
36404911
36411770
36437830
36531335
36686977
36755802
36785594
36793506
36798674
36817857
36817858
36820242
36845969
36852158
36873790
36874124
37077340
37082457
37082458
37089714
37089715
37089719
37090185
37091894
37091895
37101716
37124929
37125381
37143506
37159751
37181405
37215201
37324505
37457497
37576407
38289222
38550528
39190898
39240701
39290687
39372486
39397480
39462779
