9892178
9892190
9892206
9892209
9926924
9926928
9926936
9973216
10029060
10029072
10029073
10029081
10029084
10029089
10029090
10070962
10070969
10070976
10070978
10086725
10096546
10096555
10096567
10096572
10197582
10197610
10197612
10197618
10197640
10211940
10213485
10213505
10213511
10232579
10232585
10232591
10232598
10232601
10232603
10232606
10232611
10232612
10344738
10344740
10344746
10344749
10355747
10360374
10363983
10374834
10383131
10383141
10383143
10383159
10383160
10391687
10397248
10397251
10397254
10397263
10397275
10403538
10416597
10416619
10424789
10435596
10435627
10439040
10439048
10442632
10442635
10445844
10446959
10446964
10446966
10446969
10446971
10446995
10446997
10447000
10447003
10450755
10454241
10463570
10463575
10463585
10463594
10463596
10463602
10463608
10463621
10465341
10485454
10485477
10485487
10485499
10493502
10493509
10493516
10503895
10503902
10519383
10519385
10519393
10537273
10537274
10537279
10537283
10537296
10537309
10537319
10537320
10554010
10554026
10554035
10557037
10557041
10557043
10557054
10557059
10557095
10582683
10582691
10582694
10582701
10582707
10597232
10597234
10602416
10602425
10606231
10606240
10606241
10606251
10626784
10626788
10626790
10637478
10637483
10646844
10646847
10646864
10646865
10646867
10646872
10656614
10660102
10667564
10667577
10667580
10673736
10676625
10676656
10676664
10704744
10706119
10706123
10706124
10720139
10728680
10728682
10728684
10728689
10728696
10728698
10728699
10738107
10738111
10738113
10749125
10749126
10749135
10749148
10755392
10766161
10766189
10766191
10766416
10786687
10786689
10786690
10786691
10803514
10811100
10811126
10811129
10811140
10814878
10825124
10825125
10825143
10825146
10825148
10840165
10850410
10850425
10850429
10850439
10850448
10850449
10850454
10865970
10865976
10865979
10866297
10866308
10866309
10866312
10866321
10866325
10910032
10910041
10910049
10910072
10910079
10910080
10914540
10919646
10919654
10919671
10945605
10945629
10945630
10945637
10951564
10951566
10951568
10951580
10951588
10962556
10962559
10962563
10962565
10969765
10969779
10969781
10969801
10969803
10969807
10969811
10980604
10980609
10980611
10980614
10987274
10987289
10987295
10987301
10987307
10987311
10996730
10996733
11016622
11016635
11016638
11016642
11016643
11016647
11016649
11016658
11021748
11034077
11034088
11034105
11059746
11059781
11059788
11069021
11069024
11085516
11085534
11085536
11085542
11090976
11103779
11103780
11103783
11103784
11103789
11103792
11103794
11103810
11103812
11118034
11118048
11118051
11118059
11121868
11126359
11126361
11126364
11126367
11127824
11127825
11127827
11146222
11146561
11156377
11156378
11156389
11156396
11156397
11156399
11156405
11156406
11163106
11196146
11196151
11196154
11196158
11196164
11196182
11196192
11196199
11196203
11212223
11212226
11212240
11212241
11212243
11212253
11212255
11212259
11212262
11212266
11212277
11212281
11221827
11221834
11221854
11221855
11221856
11221860
11221865
11221867
11221870
11221874
11221878
11243385
11244510
11245424
11245426
11245427
11245429
11245431
11245433
11245460
11245461
11245472
11245473
11245474
11245486
11245493
11275371
11280750
11280752
11280760
11280767
11280770
11280775
11280776
11280792
11280803
11289133
11289137
11289140
11289162
11296482
11296486
11302255
11302336
11303625
11305416
11306457
11306464
11306469
11306500
11306508
11309276
11309288
11309290
11309295
11309297
11309302
11311490
11313872
11313978
11313983
11323092
11325836
11325845
11325855
11325857
11358798
11358800
11358806
11358811
11358821
11358826
11358852
11358857
11358858
11368442
11389090
11406536
11406540
11406543
11406545
11406550
11406551
11431354
11431356
11454681
11454694
11454695
11454697
11454700
11454712
11454714
11454715
11454717
11454719
11455975
11465397
11465398
11479207
11479208
11479215
11479222
11479231
11480557
11480574
11507039
11507045
11507050
11507080
11516092
11522622
11522628
11522636
11522655
11550317
11554386
11559538
11559550
11559553
11559554
11559557
11559567
11566491
11585748
11585752
11585753
11585760
11585765
11585772
11585774
11585777
11595123
11595126
11595128
11606372
11606378
11606397
11606403
11606406
11606410
11691798
11691807
11691813
11691820
11691822
11719426
11719438
11719454
11719463
11731409
11731424
11731431
11731435
11731444
11741740
11741743
11741747
11751375
11751383
11751388
11751389
11751400
11751408
11753607
11753611
11753615
11753617
11772427
11772428
11772429
11782369
11782379
11782388
11809682
11809683
11809717
11830510
11830523
11830539
11830550
11830552
11830553
11840264
11840283
11840289
11861369
11861378
11861387
11861392
11861397
11861406
11880181
11888895
11888901
11888903
11888906
11888907
11888924
11888932
11896534
11896541
11912135
11912144
11912155
11912158
11912171
11929815
11929832
11956074
11956097
11956098
11956099
11956100
11956106
11960339
11980636
11980640
11980645
11980663
11980667
11980668
11980671
11980672
11986954
12019166
12019177
12036908
12036915
12036929
12036946
12065086
12068000
12068003
12086850
12086873
12094255
12097261
12097267
12097298
12124172
12142074
12145697
12154022
12154026
12154038
12154041
12154046
12169388
12175535
12183070
12183071
12183400
12183410
12183412
12183423
12183427
12183428
12200668
12200680
12200683
12200691
12204536
12208743
12208750
12234984
12234994
12234998
12235007
12357370
12359346
12359347
12359370
12359759
12359760
12359762
12359770
12384528
12384530
12384533
12384552
12406558
12414623
12414624
12414628
12414661
12430178
12438252
12438255
12438261
12438264
12438273
12445673
12445678
12460895
12460906
12460909
12460911
12460918
12499263
12499281
12517768
12517790
12517798
12517804
12529671
12529677
12536072
12536077
12543781
12543782
12543788
12543793
12543812
12565167
12565173
12566304
12591718
12591722
12591723
12591732
12592346
12615707
12615708
12615709
12615713
12615714
12615715
12615718
12615725
12615728
12618327
12620408
12637152
12637158
12649191
12649199
12670891
12670892
12670898
12670903
12670907
12670915
12670924
12682639
12702552
12702554
12702584
12702591
12706859
12727808
12727815
12727817
12727823
12727839
12727841
12727842
12727848
12727853
12750249
12750263
12750267
12750270
12750289
12750291
12750293
12750296
12764370
12764371
12767514
12767531
12767533
12782578
12782584
12782590
12782602
12782609
12810633
12810634
12810665
12810666
12810669
12810674
12810680
12839936
12839941
12839950
12839952
12839954
12839965
12839974
12839978
12873971
12873975
12873994
12873997
12874008
12874010
12874024
12874028
12874033
12874037
12886229
12886241
12907607
12907609
12907634
12907635
12907637
12907643
12907649
12907653
12907655
12907656
12931210
12941815
12941820
12941823
12941827
12941840
12941843
12963126
12970762
12970763
12970788
14500344
14500352
14500356
14500360
14500363
14500373
14500377
14500382
14500388
14500394
14500397
14522896
14522902
14522911
14522917
14522919
14522930
14522933
14522935
14559786
14559797
14559801
14559802
14559806
14559810
14559811
14559814
14559847
14559850
14559851
14562126
14574334
14574335
14580688
14580689
14583452
14583455
14583477
14583479
14583494
14583497
14583500
14603339
14612502
14612507
14612509
14612526
14612531
14612542
14633671
14633677
14633691
14633692
14633704
14633707
14633709
14633712
14633714
14633723
14633728
14633733
14643444
14678963
14678967
14678975
14678983
14678995
14679000
14679001
14679002
14679015
14695172
14695173
14695177
14695178
14695187
14695193
14695195
14695198
14695207
14695209
14695211
14706341
14729601
14729608
14729612
14729620
14729625
14729629
14729634
14729644
14729653
14729654
14737073
14744764
14744766
14744768
14744772
14744776
14744778
14744785
14744786
14744789
14744791
14769134
14871812
14871814
14871820
14871830
14871834
14871852
14871857
14961037
14973048
14973053
14973054
14973059
14973061
14973068
14973072
14981525
14983893
14989251
14996725
14996731
14996734
14996746
14996750
14996753
14999294
15026324
15026333
15026338
15026340
15026346
15026348
15026349
15026351
15026352
15026355
15026364
15050914
15050919
15059884
15059887
15059896
15059906
15059908
15059911
15059917
15059918
15059919
15087384
15087387
15087390
15087401
15087402
15087406
15087411
15126327
15126328
15126343
15126344
15134626
15141228
15145517
15150106
15150113
15150124
15150125
15150129
15152267
15172118
15172976
15172987
15172990
15172999
15173001
15173002
15173008
15173020
15183540
15193261
15194221
15205321
15205334
15205337
15205338
15205348
15219943
15231645
15231647
15231652
15231663
15231670
15231675
15256436
15256441
15256445
15256446
15256448
15256450
15279710
15279715
15279894
15289301
15289307
15289310
15289316
15289317
15289330
15289331
15289332
15289336
15289337
15289338
15289340
15289358
15289359
15289362
15312685
15313890
15313904
15313905
15324695
15327835
15342366
15342374
15342377
15342379
15342385
15342398
15342401
15342404
15342405
15342406
15342409
15342422
15356645
15374630
15374938
15374941
15374943
15374945
15374949
15374957
15374960
15374963
15374982
15374983
15374985
15374987
15374992
15374994
15374997
15374998
15375000
15375002
15466168
15466177
15466183
15488759
15492235
15492241
15492249
15492250
15492254
15492256
15492264
15492265
15492267
15492276
15492278
15492284
15492288
15494094
15494096
15520163
15520170
15520171
15520172
15520177
15520179
15520182
15520187
15520191
15520206
15520207
15520210
15520217
15520223
15533599
15548684
15548693
15548694
15548697
15548698
15548703
15574768
15574773
15574774
15574776
15574777
15574778
15574780
15574786
15574789
15596294
15596297
15596301
15604245
15604260
15604274
15604293
15604294
15617833
15617842
15618960
15665278
15665282
15665287
15665290
15665301
15665306
15665312
15665314
15665315
15668701
15670892
15674422
15694665
15694666
15695378
15695412
15701277
15701282
15705858
15705862
15705866
15705869
15705874
15705875
15705885
15705888
15705893
15705896
15705898
15705906
15705910
15705913
15710330
15734992
15735009
15735027
15735028
15735029
15735036
15735044
15735045
15735047
15735050
15737688
15744335
15744347
15744350
15753353
15753366
15753376
15753384
15753387
15753399
15753404
15759034
15766591
15766592
15781615
15781633
15781638
15781650
15781656
15781661
15781664
15781665
15789069
15805244
15805246
15805255
15805256
15805262
15805272
15805274
15805286
15805299
15833845
15833849
15833866
15833867
15833875
15833877
15833884
15858615
15863266
15867347
15867349
15867358
15867372
15867380
15867387
15894264
15899786
15899794
15899795
15899810
15899814
15899823
15899829
15899832
15899836
15911100
15930264
15930278
15930280
15930285
15930291
15930297
15931264
15958541
15958554
15958558
15958562
15958576
15958577
15958578
15958581
15958582
15958584
15958588
15958592
15958593
15958595
15973452
15973454
15994917
15994918
15994926
15994932
15994941
15994950
15994951
15994953
15994957
15994968
15994969
15994970
15994976
16004930
16005565
16015388
16019136
16024609
16024614
16024617
16024621
16024629
16024631
16024643
16024652
16039952
16061628
16061633
16061640
16061646
16061648
16061651
16061652
16061689
16098467
16103054
16103063
16103064
16103065
16103072
16103089
16103098
16107889
16112431
16115727
16140916
16140917
16140919
16140926
16140929
16140932
16140951
16140952
16140954
16140970
16140972
16140980
16166285
16166292
16166294
16166296
16166298
16166299
16166300
16166302
16166305
16166309
16166310
16166316
16166317
16166333
16166337
16179914
16193082
16204030
16204040
16204041
16204044
16204061
16204077
16204083
16212811
16224487
16225994
16226372
16230375
16230381
16230392
16230393
16230395
16230402
16230405
16230406
16230409
16230418
16230420
16230422
16253764
16253769
16266984
16266985
16266999
16267002
16267008
16267009
16267022
16267028
16267031
16267032
16270037
16271438
16281072
16286245
16286248
16288017
16288032
16288033
16288036
16288042
16288053
16288054
16298039
16304575
16322208
16322209
16322214
16322216
16322225
16322244
16322245
16322247
16322257
16322267
16327841
16341039
16356830
16357128
16357132
16357134
16357136
16357141
16357160
16357167
16357174
16357179
16377076
16397212
16397216
16397217
16397226
16397229
16397230
16397235
16397244
16397249
16397250
16397255
16397262
16397263
16397275
16399225
16412560
16413115
16413676
16423986
16423995
16424000
16424003
16424009
16424022
16424040
16424043
16424046
16424050
16426742
16427188
16442707
16443943
16443944
16452179
16452197
16452206
16452224
16452231
16452232
16452236
16452239
16488989
16488994
16488997
16488998
16489016
16489018
16489029
16489034
16489036
16489043
16489044
16489050
16489056
16489057
16495375
16510568
16510577
16510583
16510586
16510592
16510594
16510595
16510600
16516379
16517057
16519995
16524944
16540638
16540640
16540647
16540657
16540677
16540680
16540684
16540687
16585164
16585166
16585172
16585192
16585203
16585214
16585221
16598308
16618720
16618723
16618740
16618752
16618753
16618756
16618762
16618763
16618765
16618773
16618774
16618778
16651416
16651420
16651421
16651430
16651440
16651444
16651448
16673016
16707419
16707421
16707423
16707435
16707438
16707441
16707476
16707482
16723630
16740691
16740693
16740699
16740700
16740703
16740705
16740710
16740712
16740718
16740721
16740728
16740732
16740733
16740734
16778174
16778187
16778208
16778210
16778214
16778221
16791263
16810199
16818617
16818618
16818619
16818625
16818629
16818632
16818636
16818644
16818647
16818652
16849543
16849547
16849548
16849558
16849561
16849564
16849574
16849575
16849582
16849583
16855632
16885346
16885357
16885365
16885372
16885378
16885379
16885383
16885385
16904609
16904610
16904612
16912156
16912169
16912171
16912176
16912177
16912196
16912202
16912211
16950561
16951139
16951141
16951149
16951153
16951154
16951156
16951161
16951171
16951178
16951191
16951202
16951204
16951206
16982730
16982742
16982743
16982747
16982770
16990784
16990785
17018587
17018599
17018606
17018617
17018618
17018625
17018629
17018699
17024118
17047044
17047051
17047056
17047060
17047062
17051241
17062557
17079446
17079451
17079462
17079463
17079466
17079475
17097223
17097564
17108065
17108109
17108120
17108122
17108123
17108129
17108133
17108142
17108147
17145850
17145854
17145859
17145865
17145884
17145885
17178844
17178846
17178849
17178851
17178879
17178881
17178887
17178888
17178902
17182178
17184909
17189669
17194528
17210696
17210697
17210708
17210710
17210714
17210717
17210720
17213256
17215075
17230230
17234755
17234757
17234764
17234773
17234774
17234778
17250958
17268521
17268526
17268528
17275175
17283130
17283133
17283150
17283153
17283156
17283160
17283162
17283166
17283169
17283172
17283174
17293590
17308080
17308086
17308096
17308098
17308102
17308113
17308119
17308126
17308127
17321670
17329407
17332321
17332324
17332332
17332336
17332339
17332342
17332344
17332346
17332349
17332355
17332364
17344919
17349581
17363560
17363563
17363579
17363589
17363591
17363594
17363609
17363611
17363612
17377587
17383817
17409399
17409406
17409410
17409414
17409419
17409428
17409431
17409433
17409440
17413002
17418411
17435180
17440073
17440078
17440082
17440093
17440094
17440095
17440101
17440106
17440111
17456585
17467167
17483310
17483320
17483321
17483328
17483335
17483336
17483338
17483342
17483346
17483347
17483351
17483358
17483367
17495323
17495324
17504928
17510391
17510398
17510399
17510401
17510406
17510407
17510410
17510417
17510422
17510426
17510437
17522330
17522334
17522335
17525718
17541402
17545583
17545597
17545599
17545602
17545608
17545625
17568820
17575125
17575134
17575137
17575140
17575143
17575158
17575159
17575162
17575166
17575168
17596595
17611554
17616661
17616665
17616666
17616685
17616686
17616697
17616709
17616711
17616712
17625604
17638873
17638875
17638879
17638881
17638885
17638891
17638896
17638898
17638899
17638900
17638904
17638905
17638915
17652269
17671172
17671181
17671182
17671185
17671188
17671191
17671192
17671193
17671203
17671210
17671212
17671214
17671223
17699762
17699765
17699776
17699778
17699779
17699794
17699800
17804705
17804713
17804716
17804717
17804718
17804719
17804736
17804738
17804741
17804743
17823410
17851551
17875697
17875699
17875708
17875709
17875711
17875714
17875718
17875720
17875725
17875728
17875730
17898785
17898787
17900801
17908999
17909003
17909007
17909011
17909013
17909016
17909020
17909029
17909030
17909033
17909034
17909051
17909052
17909058
17909059
17909069
17942898
17942904
17942911
17942920
17942925
17942926
17942935
17942937
17942940
17942942
17949898
17974953
17974956
17974957
17974960
17974969
17974970
17974974
17974977
17974983
17974988
17974993
17974994
17974998
17974999
17975004
17975005
17993635
18006808
18006809
18006817
18006826
18006828
18006839
18006845
18006854
18006855
18037229
18046447
18056443
18056445
18056448
18056453
18056465
18056468
18059482
18079358
18089778
18089779
18089782
18089788
18089799
18089808
18089809
18089814
18089816
18089823
18089824
18089825
18089832
18167341
18172292
18172294
18172296
18172298
18172303
18172314
18172321
18180096
18199545
18199547
18199553
18199555
18242513
18245461
18245466
18245488
18245495
18245496
18256683
18281150
18281483
18281484
18281487
18281488
18281490
18281496
18281501
18287338
18296647
18316587
18316590
18316591
18316598
18316609
18316616
18316625
18339842
18339851
18339868
18339874
18339887
18358600
18359864
18359865
18378071
18378392
18381409
18381410
18381411
18381425
18381427
18381430
18381439
18381440
18381452
18381456
18381459
18381462
18381463
18381464
18385754
18401417
18401419
18403491
18413724
18413726
18413730
18413731
18413737
18413746
18413752
18413755
18413758
18413761
18413762
18417739
18451139
18451143
18451146
18451153
18451163
18451164
18451169
18451170
18451178
18451180
18455125
18483243
18483251
18483255
18483261
18483262
18483263
18483264
18483266
18483272
18483274
18519662
18519666
18519668
18519677
18519681
18519686
18519697
18519706
18519707
18519708
18519710
18548092
18559495
18559501
18559505
18559509
18559513
18559522
18559523
18559532
18559534
18565644
18593895
18593902
18593908
18593911
18593918
18593919
18593920
18593921
18593926
18593929
18593937
18593945
18593947
18593951
18602748
18616802
18632602
18632603
18632606
18632611
18632612
18632632
18632634
18632635
18632636
18632640
18632643
18632644
18632645
18668134
18676832
18676842
18676843
18676844
18676853
18676854
18676863
18682579
18694622
18697955
18701471
18701474
18701481
18701486
18701492
18701497
18701498
18701501
18701504
18702822
18715950
18723274
18754025
18757424
18757428
18757437
18757439
18768668
18769452
18780813
18794110
18794111
18794115
18794117
18794118
18794120
18794122
18794126
18794130
18794133
18794134
18794136
18794145
18794149
18794156
18805632
18829535
18829536
18829539
18829550
18829555
18829559
18829562
18829576
18843286
18922890
18922897
18922899
18922900
18922907
18922908
18922912
18922919
18922921
18922925
18922938
18946492
18957620
18971416
18974111
18974119
18974133
18974140
18980801
19010883
19010898
19010910
19022562
19041175
19046802
19047139
19047140
19047150
19047174
19047182
19066344
19074867
19074871
19074882
19074889
19074893
19074896
19074903
19081178
19081673
19100681
19117998
19118005
19118007
19118017
19118018
19137016
19137021
19141639
19141648
19147275
19147557
19147560
19147573
19147575
19147577
19147581
19147584
19151751
19151753
19151755
19155299
19155301
19155307
19155310
19169276
19176371
19176382
19176383
19176386
19176388
19190326
19190334
19190338
19198627
19201082
19208829
19208834
19208845
19223530
19223531
19223534
19223538
19223540
19223541
19223547
19225536
19225538
19229057
19232459
19234232
19234486
19234517
19244104
19244107
19244109
19244124
19258514
19276341
19276352
19276353
19276364
19276368
19276375
19289491
19293185
19293187
19295545
19305426
19305428
19305429
19318547
19318555
19318557
19318560
19318562
19318563
19318567
19327156
19330023
19330024
19332770
19332771
19336567
19336568
19336570
19336571
19336572
19339267
19342159
19345327
19351819
19351823
19351838
19351842
19351844
19351848
19351856
19351857
19351863
19366796
19366809
19383901
19383910
19383911
19383913
19398950
19401449
19401450
19417133
19417137
19417140
19421144
19421151
19435895
19435897
19435898
19435901
19435904
19435906
19435921
19435926
19442436
19448665
19448667
19458073
19458075
19470764
19470770
19470771
19477426
19487284
19487287
19487288
19487293
19491255
19491259
19491274
19491279
19501956
19503095
19509230
19516274
19531649
19531651
19543323
19549907
19549913
19549914
19549916
19549922
19554029
19567679
19570606
19570783
19584274
19584278
19584279
19584284
19584285
19584293
19584295
19584296
19584298
19597468
19602586
19605406
19617899
19622764
19622768
19633684
19638572
19647220
19648968
19654299
19654314
19657367
19671800
19690133
19690138
19690139
19690141
19706752
19706753
19706755
19706763
19706769
19706770
19723655
19733005
19734939
19734944
19738047
19738054
19738065
19738072
19741726
19749794
19751965
19752088
19752089
19773430
19773440
19773442
19789345
19789347
19789351
19789352
19808960
19808970
19808973
19826036
19826045
19826412
19826413
19826414
19838215
19838218
19843845
19843849
19843855
19843859
19847197
19855431
19855433
19855436
19861539
19878873
19881536
19881538
19881546
19887604
19887610
19887611
19901961
19903839
19903840
19903850
19903852
19915607
19920183
19920186
19920189
19934314
19934322
19934327
19934329
19934334
19935717
19935720
19946330
19946339
19951992
19966853
19996281
19996288
20008733
20010871
20028856
20028858
20028867
20028872
20040095
20048070
20048079
20062085
20068159
20068160
20068165
20068171
20068172
20083343
20086172
20086175
20101208
20101210
20101221
20101232
20103624
20103625
20103628
20103629
20103632
20103639
20103644
20118981
20124474
20124481
20124486
20129248
20145121
20145122
20145149
20150383
20154720
20154724
20154728
20156809
20160039
20160040
20163913
20167813
20167815
20179201
20179210
20190809
20197468
20197470
20200556
20208558
20208561
20215502
20215512
20215524
20220778
20228839
20228845
20233874
20233880
20305695
20308312
20332225
20332228
20332230
20332231
20332233
20332237
20339440
20348950
20354187
20354191
20357824
20363768
20383197
20388775
20388796
20388801
20388805
20388807
20395202
20395203
20395206
20395209
20395210
20400975
20406901
20406970
20406981
20406983
20406987
20406989
20417028
20418907
20418911
20418913
20424117
20440271
20442290
20453876
20460505
20460506
20460521
20466998
20484028
20484037
20484040
20485372
20494960
20501829
20501834
20501844
20501848
20501850
20511181
20516117
20516120
20520639
20530669
20531304
20534128
20551062
20562914
20562916
20570895
20570899
20570900
20570904
20581867
20587514
20587515
20587525
20613786
20631065
20631066
20631075
20631080
20639214
20639901
20651255
20655141
20670952
20674154
20676142
20682799
20697345
20697346
20697347
20697355
20699365
20709760
20711233
20716593
20724987
20736364
20736365
20798218
20802511
20802521
20805015
20807812
20818419
20818427
20818434
20823150
20823156
20837665
20837666
20841468
20841486
20847343
20851996
20855151
20858719
20861186
20864510
20871631
20871634
20876800
20876802
20876804
20876805
20889724
20935219
20935221
20935675
20935678
20940399
20940402
20947521
20952506
20959474
20959483
20966125
20972455
20978204
21030459
21042282
21045141
21052088
21057537
21062975
21062985
21062986
21084269
21084276
21084277
21097717
21098701
21098703
21098705
21102526
21119598
21119604
21123367
21127198
21132010
21135857
21148751
21151168
21156281
21156648
21159631
21159633
21159643
21159644
21159645
21159648
21159649
21159650
21159666
21163809
21169413
21170084
21199795
21199799
21199801
21199803
21199805
21216892
21217774
21217780
21217783
21233335
21237555
21242970
21242972
21242978
21242996
21245093
21252115
21258400
21258407
21258415
21262914
21266359
21285253
21297126
21297662
21300764
21303973
21303978
21303984
21307132
21310825
21316601
21317208
21324920
21324921
21324925
21325429
21330408
21335546
21339306
21339742
21343389
21343391
21343395
21343398
21363919
21377995
21383690
21383698
21383700
21394099
21398405
21398658
21403648
21414716
21415168
21423204
21423206
21423211
21427357
21440986
21444673
21447742
21458915
21460853
21460854
21467167
21482676
21483439
21487038
21487040
21497990
21502403
21502956
21505103
21505104
21507255
21507932
21512132
21512135
21527557
21531761
21540234
21546571
21558073
21558391
21558393
21576089
21586611
21586612
21596819
21606958
21613405
21622715
21625236
21628492
21642374
21646477
21647156
21652540
21653678
21660045
21670078
21685476
21701495
21705440
21712408
21712410
21724588
21727209
21727211
21734014
21742770
21747117
21757444
21764821
21771908
21778190
21784871
21788346
21798847
21802839
21803744
21813510
21816906
21825015
21840986
21844871
21852381
21859828
21862636
21865400
21868758
21868761
21869840
21875943
21878530
21880588
21890822
21893382
21900399
21907923
21908444
21908556
21914786
21924824
21926087
21933882
21937681
21943825
21944872
21948967
21954443
21975930
21975934
21983037
21984975
21987723
22006997
22009537
22013168
22015772
22025562
22028322
22033489
22037872
22037875
22037877
22042792
22052462
22059152
22068035
22070930
22072567
22080566
22084398
22108823
22108827
22116552
22120673
22139378
22140653
22147261
22158653
22158945
22174370
22180495
22186138
22189968
22205714
22207345
22215693
22237627
22237629
22241084
22246246
22258452
22266096
22266112
22266190
22266222
22282653
22282658
22282660
22282665
22289989
22306001
22306341
22307839
22319219
22328974
22328975
22343591
22345154
22350411
22350413
22354749
22362000
22369929
22373785
22374980
22374982
22379189
22389450
22389453
22396491
22397984
22425894
22427110
22434430
22447568
22461506
22461508
22472121
22496456
22505651
22508408
22511580
22532166
22552008
22552288
22552293
22564522
22576213
22581825
22585997
22586065
22588880
22593191
22609699
22609800
22711606
22719066
22723428
22752300
22753228
22753230
22773664
22777769
22781591
22815529
22820161
22836754
22844108
22846914
22855742
22865451
22865455
22865458
22877736
22902412
22902993
22922567
22961666
22962413
22986745
22986746
22993403
23010075
23019223
23026133
23027087
23044487
23063650
23066036
23090985
23100466
23103841
23107779
23108140
23115159
23117884
23125191
23155121
23171796
23192016
23221387
23222299
23235717
23243017
23243055
23262509
23269278
23306062
23322008
23322748
23328810
23333936
23333938
23338612
23341573
23343252
23348690
23359317
23364621
23370329
23378476
23380710
23384942
23393208
23402814
23419792
23423976
23436794
23443460
23460323
23479134
23486531
23492368
23492369
23497456
23514705
23515097
23523612
23531518
23536552
23536557
23538751
23539443
23545991
23576551
23599022
23622716
23633484
23633488
23633489
23633492
23644530
23658320
23664889
23668363
23670294
23674500
23684930
23689139
23698277
23720054
23722546
23722547
23723255
23729642
23749643
23760400
23760401
23761327
23770851
23792446
23792449
23796561
23801748
23811785
23814264
23824743
23842682
23860718
23867477
23913827
23921231
23935155
23950209
23955390
23966292
23978377
24002999
24013665
24019382
24030979
24048820
24056683
24071572
24072749
24084409
24089019
24092238
24097820
24101737
24101739
24108744
24121164
24121488
24121490
24135280
24135284
24145352
24154873
24158095
24165160
24197130
24242071
24247720
24247722
24252239
24252270
24252368
24252550
24274401
24282279
24285548
24291004
24301523
24305876
24314093
24327585
24333719
24343228
24366882
24366912
24371224
24371228
24385214
24395821
24398473
24416731
24425047
24432304
24434654
24448244
24453002
24470556
24476765
24486181
24497405
24499526
24509905
24520074
24520078
24523442
24525231
24525235
24535670
24550032
24556717
24558022
24569779
24576828
24576830
24577530
24590059
24590809
24599127
24599131
24614082
24618735
24632531
24637335
24638982
24648348
24648349
24658371
24662921
24670609
24670723
24690568
24691995
24699307
24705811
24706696
24713434
24728076
24741006
24762396
24764533
24764579
24764580
24778086
24778162
24778163
24778279
24778315
24778318
24795360
24811343
24829753
24829755
24829757
24848510
24853546
24860692
24872026
24879115
24879564
24880079
24913717
24913718
24928781
24938283
24938764
24938765
24950909
24970481
24982761
24994714
25023704
25028366
25036800
25038199
25043298
25043302
25043309
25054063
25056119
25075309
25082815
25088194
25107667
25109329
25109336
25113996
25118879
25125658
25132261
25134459
25151959
25151964
25155357
25164011
25183789
25186948
25186949
25193383
25197555
25213322
25216670
25218594
25220417
25223975
25228655
25234165
25239452
25241892
25241899
25252692
25263440
25263449
25266736
25284582
25287118
25297634
25297635
25304369
25304370
25304375
25306892
25313236
25317333
25320012
25324352
25336189
25339353
25348955
25349154
25349699
25355068
25358763
25366336
25381817
25387892
25387894
25388283
25422316
25432175
25432176
25435367
25435368
25435369
25444923
25449785
25458954
25486432
25502838
25503558
25510432
25512388
25531322
25541153
25572172
25572331
25576336
25576337
25600438
25614511
25615281
25639871
25639876
25641339
25649766
25655194
25659578
25659582
25659585
25659819
25670171
25670172
25676418
25678581
25681273
25684138
25684664
25691457
25700246
25703328
25703587
25711538
25721898
25728676
25728679
25732382
25744718
25745996
25769723
25772235
25772238
25772240
25791067
25791837
25794135
25798833
25798835
25798841
25801914
25808868
25823022
25825052
25829424
25836588
25838973
25854526
25867065
25882699
25885427
25893293
25893296
25893307
25901285
25901286
25910841
25915840
25917267
25917567
25931286
25933374
25948589
25952648
25961933
25965570
25968887
25973343
25982276
25987255
25992290
25992292
26001956
26004344
26015868
26020033
26022204
26024286
26028029
26028035
26032425
26036643
26038231
26044284
26050618
26052095
26055271
26055302
26056145
26073081
26073082
26085931
26088128
26091827
26096934
26096936
26100672
26108693
26113557
26119936
26119939
26138828
26148235
26148237
26165839
26165842
26180083
26181021
26181027
26181143
26181180
26181758
26189429
26202934
26205084
26208433
26208906
26225838
26229090
26230957
26249174
26261221
26282169
26286116
26292362
26293646
26293922
26294212
26294213
26294215
26297712
26297736
26300493
26310541
26314988
26340918
26359451
26359455
26363006
26363008
26369987
26383165
26416461
26420214
26430725
26432108
26448610
26455770
26459813
26464015
26464171
26472821
26495860
26503641
26513013
26530902
26538619
26542213
26542215
26546296
26551887
26556299
26565405
26573800
26579226
26582643
26582866
26589766
26597949
26621337
26627007
26631267
26634926
26639197
26655274
26655275
26675015
26676749
26676752
26676756
26678339
26681765
26686245
26686246
26707936
26719098
26719526
26719529
26759245
26766587
26771806
26773096
26777415
26787824
26787836
26797420
26822153
26826203
26833124
26833129
26867669
26873845
26876595
26880800
26885367
26885373
26891703
26893480
26896279
26898938
26921338
26933088
26941285
26941287
26941288
26944939
26956669
26962017
26965285
26968206
26970896
26980767
26984745
26984787
26988988
26989658
27009166
27010573
27013195
27022132
27032035
27045021
27055865
27055866
27060208
27068336
27080304
27096096
27100398
27106406
27118403
27190628
27196525
27197150
27197153
27197159
27197168
27197169
27197182
27199348
27211268
27211270
27216179
27216180
27216186
27216194
27251085
27267807
27280396
27311933
27312177
27312530
27323910
27328729
27330805
27330806
27330808
27330809
27353503
27364122
27370397
27382115
27422542
27450452
27457702
27458525
27469216
27471870
27480387
27488525
27488532
27494824
27496711
27503933
27505670
27530323
27530327
27532019
27532021
27535106
27535333
27539959
27540083
27549123
27564460
27569213
27588519
27634754
27638841
27671676
27671678
27680026
27680683
27693556
27694925
27698188
27708986
27720778
27733359
27740633
27742685
27742688
27748370
27748372
27758891
27758892
27773931
27777771
27777774
27799140
27807503
27813535
27815390
27821484
27821490
27829440
27833094
27840422
27843138
27872091
27872496
27879265
27879267
27881875
27890930
27890933
27899379
27899381
27900205
27913436
27913438
27923831
27923833
27924815
27932423
27941003
27979832
27986463
27994064
28007759
28008177
28011621
28011925
28017614
28018601
28031819
28031822
28039162
28042518
28082416
28086949
28089832
28108506
28108514
28111464
28114440
28115208
28130226
28153032
28170043
28183697
28201746
28202519
28202520
28209615
28211889
28223282
28234345
28235541
28235766
28239463
28249898
28249935
28254410
28254412
28255082
28260788
28280037
28282034
28283654
28321124
28323037
28360139
28364003
28371851
28373404
28379477
28381547
28408355
28411130
28411207
28412963
28416481
28416491
28418507
28428274
28428279
28428881
28428882
28428885
28450157
28453745
28461564
28472527
28479592
28482030
28512244
28512245
28512249
28526733
28531342
28536277
28542679
28555084
28566331
28572504
28611041
28611042
28611044
28611049
28615226
28625977
28642819
28649380
28649646
28649659
28651374
28652249
28655787
28684528
28687352
28687615
28687621
28697344
28716080
28721370
28721371
28721375
28721382
28721383
28729049
28729413
28731456
28754670
28754673
28756008
28760732
28761759
28768640
28790031
28795152
28816238
28819021
28819022
28819024
28819027
28825044
28825045
28837714
28844715
28862698
28883002
28904062
28904064
28923105
28923910
28947418
28965853
28972595
29016844
29016879
29016938
29021921
29036697
29037255
29038344
29054784
29055014
29055020
29092936
29092940
29092951
29097422
29097606
29099493
29104287
29112734
29121177
29122777
29154974
29157295
29158558
29176662
29180468
29180471
29180472
29192305
29192307
29209527
29217760
29217763
29222541
29233926
29242895
29244145
29254497
29254508
29279356
29294092
29306021
29321164
29330147
29343523
29346484
29376139
29382707
29398449
29423438
29425687
29431697
29438698
29440145
29459478
29463302
29464110
29467128
29482582
29502955
29526803
29545335
29554311
29588320
29596542
29605511
29608984
29617843
29618380
29650534
29651360
29657135
29678549
29682331
29712574
29713473
29716915
29720380
29720734
29728694
29735550
29739757
29743725
29749396
29749399
29760047
29761158
29769200
29769244
29774169
29792310
29795413
29796337
29800971
29801090
29807113
29843803
29844121
29844123
29848375
29848605
29860375
29871885
29871933
29872694
29872721
29872725
29891009
29898995
29902298
29907681
29915023
29920293
29925404
29925431
29929551
29951335
29951581
29955787
29960048
29966520
29976575
29980538
29986996
29991446
29991605
30002157
30012210
30012669
30012673
30050123
30054332
30054333
30055290
30069001
30083595
30089638
30131974
30135193
30135465
30139811
30144514
30149876
30154148
30155518
30169876
30181337
30182055
30209062
30217568
30217928
30223070
30224375
30228172
30253811
30275527
30297535
30312433
30326045
30333065
30383128
30391357
30409762
30412260
30413411
30442928
30470751
30482746
30487137
30487138
30502358
30520947
30530503
30538120
30538223
30546080
30563893
30564631
30573775
30606720
30610059
30616690
30624711
30626427
30635636
30646957
30651290
30659021
30664664
30674535
30675513
30678715
30684594
30692215
30705122
30709931
30716361
30718503
30728151
30737482
30768956
30771432
30777131
30782669
30796052
30796838
30808675
30808676
30828727
30832732
30842091
30844031
30845975
30858548
30858549
30862717
30862718
30883662
30885258
30902795
30940183
30952634
30975201
30976795
30977509
30992322
30993194
30997512
31003990
31010434
31017099
31040154
31043414
31048321
31064777
31064848
31066901
31076479
31078737
31088835
31097475
31101066
31102628
31111915
31113818
31113820
31123343
31123752
31127149
31132430
31138299
31138521
31142380
31153980
31158077
31164355
31185211
31186494
31189649
31190077
31200843
31201181
31221219
31231686
31235619
31239270
31265875
31273063
31273064
31275615
31276594
31277689
31277775
31288832
31307533
31308045
31312536
31315913
31321035
31321083
31324218
31337652
31341951
31343664
31345267
31346466
31363754
31378665
31405946
31411987
31411990
31412000
31412001
31412003
31412008
31412014
31412015
31416839
31427721
31439945
31440421
31444154
31455429
31462409
31481497
31482108
31488216
31491450
31492897
31519689
31519704
31528346
31533818
31538193
31540894
31554642
31563523
31563561
31570695
31575546
31578185
31580386
31583272
31585939
31585940
31594766
31602394
31621883
31627744
31632838
31641031
31641032
31648302
31653272
31655605
31658994
31662324
31668713
31672841
31678167
31699145
31703602
31719055
31750868
31753028
31767829
31772037
31788346
31827241
31831633
31840050
31848196
31876914
31888763
31900258
31900407
31908904
31909186
31911451
31911557
31915130
31915195
31932576
31940588
31940590
31948943
31950179
31953246
31969375
31974170
31974434
32004442
32005716
32020045
32037304
32041836
32054769
32055849
32060145
32080344
32107211
32145343
32152222
32152626
32165095
32166314
32179557
32184296
32200349
32203146
32209637
32217756
32221013
32236410
32238470
32242229
32243837
32253265
32265224
32269044
32273282
32273346
32291319
32295785
32303572
32303619
32312834
32312835
32312906
32313109
32319527
32327728
32337094
32341020
32345627
32347302
32354737
32357994
32385075
32393663
32393959
32409420
32423837
32439653
32439799
32459315
32485222
32496525
32503949
32536574
32540961
32554618
32554751
32572188
32605998
32605999
32641409
32646968
32664919
32672793
32677976
32684631
32690770
32699135
32704159
32710757
32711097
32715085
32717274
32727810
32759234
32761102
32761149
32776015
32782381
32789494
32802959
32807917
32812637
32816023
32816852
32816908
32817208
32817791
32821803
32830856
32855208
32885175
32891714
32896616
32897363
32907836
32917659
32924017
32929152
32938629
32938640
32958546
32964115
32964116
32973331
32976774
32994205
32999871
33004412
33009488
33020239
33023943
33024820
33033184
33040087
33060146
33068418
33068421
33069628
33077869
33083530
33087831
33089218
33093219
33097611
33106334
33109627
33115804
33119036
33122307
33123736
33125861
33127657
33128042
33148662
33149123
33158812
33158816
33158848
33172929
33172933
33177060
33177062
33188079
33188139
33218969
33232787
33239426
33243932
33277233
33277367
33288882
33288885
33293426
33298938
33303578
33318037
33318477
33323465
33331883
33335027
33367832
33398005
33402388
33408094
33414172
33414416
33414443
33414466
33428582
33431806
33450196
33458695
33462140
33468554
33471107
33472891
33475714
33483371
33483372
33483373
33483516
33495232
33504579
33516272
33526510
33526858
33543265
33547226
33549708
33556161
33558334
33560371
33563895
33568350
33574086
33577785
33579786
33579966
33589424
33589516
33589517
33593826
33602316
33602696
33608386
33609609
33619119
33622713
33625503
33649322
33653716
33654065
33654205
33667384
33674619
33681816
33689703
33707234
33707652
33722905
33741731
33753567
33757978
33767190
33772089
33812851
33813001
33820800
33823014
33824136
33827905
33837065
33846112
33849926
33853825
33853830
33861994
33863915
33864084
33875611
33875787
33883167
33895262
33901868
33910927
33935020
33941616
33961783
33963013
33963014
33976232
33986123
33986124
34003775
34006525
34009137
34014275
34015129
34021032
34050676
34075045
34086039
34087162
34088740
34090518
34090924
34091262
34106270
34120146
34172515
34193567
34210820
34226279
34226280
34230110
34230608
34242968
34244307
34244612
34254643
34266883
34270740
34289988
34290359
34296197
34308366
34315890
34321243
34321276
34321277
34326465
34329586
34341132
34341479
34344894
34347079
34347086
34358448
34376502
34387331
34389803
34413315
34426457
34426581
34433633
34462275
34462327
34465865
34465866
34479925
34479963
34479970
34489453
34493595
34508644
34518197
34518211
34531250
34531254
34544752
34544753
34548332
34548623
34556802
34564694
34568832
34580161
34588224
34588432
34593523
34593619
34599026
34599029
34607896
34647981
34661163
34668975
34673885
34686499
34707215
34711640
34711841
34721504
34725211
34737215
34739844
34741012
34741118
34750099
34752846
34759001
34790902
34795032
34796337
34799669
34815255
34819308
34824161
34826548
34840106
34841254
34848737
34857765
34857894
34864816
34870237
34896762
34911787
34916256
34921012
34930786
34942440
34949653
34949671
34950179
34987021
34994387
35013003
35022195
35039320
35039637
35045985
35046531
35058328
35064104
35065238
35078972
35087236
35087237
35091456
35094010
35101945
35121827
35121931
35121988
35131861
35135810
35139925
35149588
35157758
35176142
35177811
35181666
35181792
35193929
35194152
35197571
35210395
35210405
35212383
35231103
35232996
35246617
35247515
35260435
35276290
35277460
35277461
35279700
35279705
35287169
35288585
35290437
35303054
35307323
35319017
35320348
35323844
35354905
35361727
35361883
35365604
35373288
35395071
35395680
35395864
35398530
35404441
35405004
35413105
35413115
35418131
35420673
35422095
35422502
35425962
35427494
35439317
35440655
35443742
35474131
35504884
35523176
35532363
35534777
35538119
35538224
35552618
35561311
35570704
35589002
35606087
35608632
35610260
35618285
35618290
35637217
35640927
35648422
35652336
35657206
35671386
35676062
35688939
35697329
35706127
35709710
35710294
35710297
35728874
35732350
35732800
35737381
35738800
35748745
35750052
35753087
35753528
35761036
35762336
35764364
35778533
35789380
35794249
35802025
35821504
35834791
35835961
35849783
35862229
35864305
35868246
35868661
35881881
35882447
35896822
35904492
35916672
35925576
35926182
35933519
35945345
35952360
35976058
35977003
35984649
35985510
35998982
36002182
36002185
36038558
36038616
36040379
36040846
36048456
36050317
36050391
36050483
36052492
36053276
36069973
36071101
36095236
36096528
36096533
36098678
36099883
36100309
36108156
36113636
36126165
36150745
36165893
36167467
36175037
36182969
36192087
36206317
36207533
36209972
36219398
36220852
36220999
36227603
36239338
36243802
36250888
36260562
36271142
36279204
36283023
36287038
36302890
36306422
36309559
36316061
36316482
36316713
36326731
36329027
36333352
36341997
36343976
36344517
36350827
36351074
36355783
36369506
36374194
36376989
36384586
36394567
36409827
36413141
36450382
36472839
36473843
36509363
36517522
36521930
36525973
36535935
36548402
36564125
36564129
36581696
36581735
36584673
36585452
36593070
36600553
36600556
36600652
36609389
36631435
36638328
36652552
36657561
36657813
36657815
36669791
36689342
36694348
36723991
36729480
36734195
36745048
36754451
36754452
36779841
36781990
36791638
36795405
36806881
36820825
36822668
36823396
36847506
36854806
36864784
36877164
36878906
36881002
36890104
36912618
36918221
36918225
36918226
36919330
36939219
36939385
36948504
36948505
36963401
36964195
36971093
36990508
37011008
37019471
37029150
37029730
37045473
37053041
37061119
37062029
37072346
37074216
37080610
37098922
37116489
37142292
37145128
37160903
37163233
37172969
37188395
37195124
37205634
37229629
37230537
37236197
37237081
37248394
37249603
37258038
37258040
37260393
37268625
37270587
37286545
37289025
37289451
37301916
37306759
37307577
37311054
37318058
37339797
37344102
37344474
37349126
37378557
37422688
37442672
37442673
37450351
37451272
37474400
37487666
37488222
37491309
37503880
37537299
37537667
37543278
37549230
37550054
37552839
37558542
37561485
37567878
37567918
37568010
37573404
37578274
37584601
37591834
37591876
37595587
37619813
37623743
37651124
37668528
37678915
37696786
37713468
37714563
37717084
37723227
37723305
37726298
37728660
37730274
37730275
37730754
37738677
37752130
37758202
37758652
37758801
37773266
37774699
37783807
37791818
37793852
37793856
37796017
37801613
37819236
37838282
37838759
37851524
37852737
37865162
37870091
37884561
37902604
37906431
37907220
37907221
37907613
37921711
37922405
37922910
37924938
37931247
37934007
37934103
37934116
37940068
37943539
37952058
37988952
38007238
38012156
38036546
38038968
38039963
38042922
38098449
38098451
38113030
38117513
38148395
38151625
38155245
38158444
38164756
38182677
38182819
38194367
38194912
38199587
38212123
38215749
38228835
38230747
38243056
38245602
38285896
38294344
38302322
38302992
38307941
38309721
38309722
38326887
38330100
38331919
38334125
38335254
38347189
38366589
38381555
38385846
38409268
38416133
38429413
38429501
38438731
38438856
38448038
38458188
38458639
38466086
38467769
38485289
38486486
38494151
38507897
38517470
38546551
38546612
38552003
38553990
38555405
38558128
38564707
38580332
38581226
38604813
38605020
38631708
38631709
38631711
38641541
38650005
38653982
38658600
38663936
38683161
38702146
38722664
38789385
38802346
38806586
38821925
38824198
38828478
38831056
38839777
38839865
38849015
38852701
38867349
38890447
38902256
38906155
38906156
38915246
38916058
38951532
38975897
38981018
38982561
38990526
38990554
38990731
39009815
39030183
39033157
39033241
39035726
39043602
39048045
39051632
39090124
39093629
39097413
39115368
39126294
39207369
39250241
39255339
39256524
39261601
39277578
39284898
39307412
39316756
39325441
39349591
39354054
39375362
39394434
39397069
39402215
39402990
39413959
39414325
39424708
39435271
39446365
39448201
39448349
39455853
39461876
39471563
39492677
39500526
39505849
39509091
39522029
39542655
39543194
39572160
39592591
39603379
39622583
39695112
39706252
39715853
40040872
