9892201
9989830
9989836
10027304
10027334
10077227
10188908
10355753
10378792
10463578
10463770
10503883
10537276
10554016
10555751
10576656
10582679
10584871
10584881
10604730
10637480
10673743
10695998
10764144
10766170
10803461
10806307
10811107
10880763
10910036
10936672
10940502
10960771
10962567
11034072
11044358
11053652
11078913
11118037
11121864
11156384
11163105
11163115
11164190
11244504
11245471
11306505
11309278
11313895
11323095
11325846
11325856
11358799
11368358
11368433
11369140
11384108
11403917
11410322
11420710
11455978
11461073
11464282
11507041
11516096
11516105
11521198
11578811
11595124
11595132
11606366
11710830
11753684
11790455
11809528
11857021
11857089
11911971
11912137
11953893
12036938
12048159
12048160
12048168
12085263
12107846
12118372
12124354
12127691
12142083
12154056
12165857
12183430
12203123
12213287
12226758
12242662
12386821
12400017
12406549
12406553
12406555
12434289
12438229
12438234
12466969
12490306
12499249
12527888
12527901
12527913
12565177
12566302
12606945
12687023
12702573
12702580
12706870
12706871
12717417
12761495
12767510
12771922
12799630
12810638
12810656
12835721
12839973
12853971
12853980
12865919
12873995
12881706
12902989
12907627
12915881
12941809
12957358
12970787
14523474
14534543
14550954
14559839
14559841
14568165
14628075
14633684
14633739
14647409
14647434
14647439
14647451
14678992
14724574
14724576
14729614
14981526
14981537
14990975
14996718
15001985
15019159
15026332
15036646
15036664
15048092
15054446
15064733
15064734
15064751
15083197
15087379
15145523
15150600
15194212
15205331
15205355
15208676
15219946
15246564
15256433
15289347
15289360
15313921
15313931
15326476
15331176
15331178
15354212
15354214
15363547
15378025
15475940
15488638
15488641
15489894
15492285
15492291
15494722
15533590
15575081
15580286
15580304
15580306
15583697
15599381
15617838
15705867
15723723
15726104
15735031
15735033
15737693
15753363
15756260
15756270
15759035
15797625
15824729
15856031
15867364
15876485
15885889
15885894
15890232
15896456
15896457
15896461
15896469
15897898
15914274
15930289
15930317
15942635
15956972
15958559
15958572
15958573
15982806
15990224
15994005
16004933
16007132
16007168
16007174
16019127
16034468
16054293
16061626
16061667
16106251
16116475
16117829
16125302
16154686
16166286
16170347
16204026
16204032
16204035
16204057
16205695
16216409
16230424
16239915
16247458
16247463
16247464
16253766
16261160
16281069
16288830
16289313
16297713
16300877
16322230
16337337
16337741
16338066
16357165
16397260
16404364
16406327
16410037
16412561
16423998
16424055
16427186
16442708
16449971
16452185
16452216
16458115
16458122
16458427
16473668
16473673
16479254
16488074
16488534
16517066
16569476
16569477
16598301
16618734
16618754
16618761
16621244
16636664
16636672
16651454
16652158
16677757
16702944
16715131
16728984
16752439
16778197
16785997
16791270
16799646
16818658
16837130
16847454
16849541
16849572
16880791
16888613
16912181
16930823
16951145
16951175
16951194
16997457
17008870
17018592
17027148
17029774
17043650
17043662
17047057
17055640
17060930
17098359
17099724
17108107
17108127
17126992
17145878
17145894
17166654
17178864
17178885
17178893
17210684
17210712
17215076
17223259
17245342
17257744
17257745
17262084
17276590
17283140
17285127
17297456
17306924
17310992
17316978
17320280
17332323
17332340
17353088
17361224
17363571
17369855
17384685
17420721
17440071
17440081
17440084
17452974
17462818
17476279
17483348
17483359
17495969
17499430
17510383
17510389
17510419
17510420
17525738
17545592
17546048
17551495
17551499
17554377
17575154
17582679
17599053
17616691
17621272
17622239
17622250
17637739
17638876
17656012
17681423
17684492
17693016
17704801
17719173
17804728
17848950
17875712
17875721
17875733
17882284
17891174
17912240
17920762
17920764
17974987
17989718
18000500
18006814
18006838
18029087
18035482
18037230
18039557
18039558
18046450
18056442
18071305
18082938
18084320
18089813
18155831
18160212
18171600
18171602
18180095
18191890
18193088
18199534
18212749
18215458
18219290
18222036
18226852
18226855
18234417
18248784
18249489
18281489
18304729
18316618
18321637
18325661
18334282
18337760
18343026
18343028
18353539
18362936
18372911
18372912
18381232
18381448
18407408
18407409
18418407
18439752
18448241
18462868
18468787
18469857
18477501
18482796
18483270
18487013
18492602
18495333
18502034
18519672
18519688
18534744
18534745
18538471
18547714
18565645
18586385
18593942
18594523
18621475
18632607
18632616
18632655
18644156
18657356
18657898
18662848
18665192
18667267
18675506
18675507
18685609
18694621
18701211
18701475
18701476
18701499
18722051
18723275
18757416
18757436
18776923
18782650
18783878
18789574
18793823
18824293
18829547
18829573
18829578
18842333
18929442
18941464
18974109
18974110
18985039
18986759
18997815
19002187
19006648
19010591
19010888
19010891
19013014
19015640
19028417
19036501
19056168
19059705
19060920
19074891
19074906
19079341
19095349
19097686
19097688
19100683
19117989
19137007
19138817
19147562
19147565
19148141
19151765
19151769
19155302
19155304
19156137
19164435
19198626
19200647
19201083
19217205
19217708
19231067
19231068
19232461
19232821
19233550
19250738
19264916
19268439
19270726
19276347
19282831
19286308
19299075
19299076
19299077
19318556
19318568
19321255
19327883
19339104
19339107
19346066
19351818
19351828
19351864
19362769
19375219
19375852
19380190
19383920
19398263
19428175
19435648
19446954
19447545
19448674
19458067
19458628
19473757
19474801
19481338
19482420
19491260
19491265
19509237
19525977
19531652
19541408
19543320
19550420
19564073
19567671
19581046
19581936
19584297
19597469
19628330
19633686
19638590
19638978
19642997
19647933
19660860
19665289
19672268
19679391
19684620
19690145
19701247
19706767
19733963
19734942
19738041
19738058
19738073
19749796
19755996
19773447
19786319
19796867
19808969
19822391
19826423
19881551
19883972
19890377
19900757
19903581
19946336
19962232
19996284
20010941
20042271
20053497
20061081
20062074
20062076
20068185
20068565
20101225
20101231
20103635
20103646
20118984
20133051
20137855
20137856
20138424
20153924
20154338
20154717
20159610
20160026
20164241
20179204
20189297
20190813
20190814
20197464
20200025
20202740
20202741
20202744
20207071
20207475
20207476
20215516
20226083
20228837
20233871
20233877
20236757
20303650
20305690
20308311
20332243
20338684
20354188
20356671
20359814
20383199
20388776
20388790
20388792
20406978
20413215
20424617
20440264
20440266
20444543
20457486
20461085
20471161
20494511
20498642
20501839
20501849
20502455
20511184
20551050
20554106
20562918
20570897
20579804
20579806
20580866
20580989
20581871
20594639
20603618
20605676
20628378
20630652
20631068
20638778
20638779
20639902
20647320
20661220
20661221
20661249
20674153
20682794
20711237
20802518
20802524
20808312
20818420
20826050
20842113
20846785
20851997
20855150
20876799
20876809
20927132
20934246
20956948
20972458
20978191
20978196
21034513
21035945
21045147
21057531
21057540
21057542
21057547
21076472
21080944
21093146
21098710
21102426
21102581
21106054
21114827
21118970
21118971
21119603
21132005
21179028
21186079
21199794
21199804
21216091
21216092
21216524
21220185
21220187
21223579
21224345
21224353
21242962
21251613
21255411
21255913
21258406
21266352
21289131
21310528
21317933
21320746
21326238
21330050
21333438
21339737
21353741
21358675
21363921
21364588
21368091
21376459
21377266
21385899
21385900
21385901
21385902
21399664
21427358
21444677
21460851
21460855
21481527
21482024
21489304
21499297
21499310
21504839
21511395
21512140
21513557
21514720
21516121
21527554
21531764
21532623
21543155
21546570
21548944
21570766
21575156
21576001
21577206
21602894
21612861
21624769
21629246
21636708
21643006
21643017
21664042
21673052
21676885
21685935
21696885
21706045
21725352
21725369
21741165
21743496
21743497
21763068
21775056
21782322
21785459
21788101
21802841
21806788
21821357
21822311
21835542
21836606
21841824
21844183
21852035
21868151
21868760
21872388
21872982
21874044
21880414
21893383
21906874
21909138
21911457
21924825
21926961
21927025
21937684
21940749
21943824
21944661
21963223
21975933
21979877
21982683
21988803
21994334
22002304
22002310
22006998
22014408
22018986
22020335
22023829
22039037
22056881
22071223
22071224
22074856
22075943
22099875
22102692
22104727
22105365
22105368
22108532
22115966
22115967
22120066
22120675
22139084
22147260
22154085
22155346
22157808
22158051
22179828
22179829
22182451
22187341
22194465
22198207
22217655
22222214
22237628
22240014
22249261
22249270
22252117
22261330
22261331
22261332
22266186
22269942
22274409
22287548
22297722
22310285
22313545
22326863
22330136
22343321
22349819
22349822
22349826
22350412
22369928
22370639
22370644
22381696
22382891
22391558
22395361
22406827
22410463
22430208
22450749
22453125
22454286
22459351
22469978
22469983
22472879
22472882
22484470
22484497
22508480
22516945
22521544
22531314
22538975
22562464
22569057
22570426
22579805
22580606
22580610
22586064
22614005
22614009
22614011
22641217
22649212
22665267
22677902
22682027
22682059
22710437
22718995
22719072
22720236
22728651
22733136
22743617
22747680
22751117
22760167
22769020
22773665
22776563
22781398
22789435
22796607
22797058
22797075
22824796
22824797
22839530
22846912
22847611
22865457
22897949
22907428
22907434
22926524
22945654
22960273
22964637
22991305
22995070
23001043
23019226
23032719
23045275
23045286
23059759
23066038
23069657
23069661
23073477
23074284
23074285
23090983
23095835
23100468
23108404
23117886
23128392
23137165
23142218
23142282
23146904
23162752
23178452
23186833
23200672
23204228
23204229
23208495
23208504
23210562
23211538
23219899
23220285
23220286
23222716
23228155
23243056
23246961
23246964
23246965
23269272
23289374
23295773
23299534
23307033
23318200
23318420
23318446
23318460
23319805
23321514
23327530
23328582
23334332
23348421
23348697
23348703
23353818
23354589
23376640
23382045
23396361
23402812
23403077
23406679
23415012
23415737
23416698
23416699
23416973
23418321
23435376
23436800
23444257
23459296
23466643
23470470
23474751
23481186
23482670
23486687
23519742
23523616
23523871
23524583
23536558
23538752
23539445
23539447
23542177
23542179
23542180
23547873
23552401
23574711
23576552
23576566
23576602
23584398
23584473
23584484
23592755
23598278
23603434
23604115
23604117
23604121
23604124
23604126
23604637
23612120
23624302
23624912
23632474
23643941
23643942
23645533
23663822
23684551
23684552
23689140
23691438
23691439
23691440
23691441
23691442
23691452
23691453
23691454
23691455
23691457
23691458
23691459
23691461
23691462
23691463
23691465
23691466
23691467
23691468
23691476
23691477
23691478
23691483
23691485
23691488
23691489
23693077
23693078
23708661
23722468
23722539
23728337
23737488
23749639
23752181
23752185
23764751
23770846
23770850
23770857
23774064
23774400
23778521
23791878
23791879
23792224
23792447
23799852
23806079
23807164
23807172
23811287
23811941
23812424
23812429
23820258
23828241
23829943
23831570
23831571
23842425
23851494
23851505
23851507
23851509
23856030
23856247
23861470
23866964
23867472
23868000
23872274
23877317
23879965
23879967
23879969
23880825
23882422
23882423
23882424
23882425
23882426
23884910
23887057
23887606
23893241
23893243
23907433
23912453
23920126
23922106
23925045
23928994
23941826
23942069
23942078
23943801
23949154
23950210
23955083
23955588
23959855
23962558
23962560
23963137
23969730
23975422
23975424
23975435
23980095
23981581
23995790
24001612
24002609
24004697
24007863
24008316
24008664
24012639
24012640
24012641
24013223
24013226
24018642
24022190
24022193
24022755
24030073
24046294
24077282
24077286
24092860
24096482
24099912
24099913
24099915
24100610
24101153
24104394
24121831
24125860
24141782
24141783
24141785
24149175
24150221
24157810
24157827
24158094
24166501
24166509
24169343
24169354
24176823
24186200
24186202
24189459
24203894
24213574
24220240
24233520
24240686
24240702
24252133
24253503
24262659
24276240
24276246
24281002
24281003
24291668
24292672
24292682
24292684
24295734
24296488
24300973
24300974
24302582
24305723
24305877
24311645
24317511
24327016
24327017
24333724
24333735
24334138
24335924
24335925
24335958
24336329
24346284
24346287
24349833
24351289
24360797
24362529
24366881
24366884
24366909
24366911
24374017
24378767
24379988
24379992
24390737
24400220
24413079
24423919
24423924
24423925
24434427
24445817
24448360
24448365
24452999
24462821
24462824
24469053
24469061
24473397
24473398
24477596
24480987
24481400
24481404
24486218
24491799
24492480
24495874
24496459
24497408
24499728
24504366
24513266
24518603
24523441
24525743
24526308
24530229
24531713
24548863
24548868
24556718
24561119
24566388
24569461
24569468
24569473
24569474
24594994
24594999
24595000
24595006
24599125
24599134
24608426
24608427
24619076
24632605
24632613
24632619
24638979
24642622
24642627
24642628
24648344
24657653
24657657
24658372
24662827
24680709
24680871
24681951
24691423
24704828
24704830
24704834
24704835
24710410
24714746
24714752
24727892
24732044
24732595
24732807
24735925
24736585
24738039
24738040
24743704
24746703
24755887
24759738
24762959
24768205
24769443
24769899
24786789
24793791
24809779
24809780
24837367
24846302
24861878
24861879
24872388
24880081
24882515
24882581
24892648
24901236
24903147
24903149
24906624
24909160
24909170
24909173
24918821
24921909
24921914
24921917
24924774
24924778
24937675
24947042
24951112
24954510
24958470
24960404
24972892
24975575
24980553
24992582
25006537
25009754
25010867
25023701
25025927
25025961
25025966
25026213
25031032
25034398
25043299
25043301
25043310
25045844
25045845
25064608
25065596
25072260
25077441
25085246
25085363
25088197
25088203
25088204
25088576
25088577
25092897
25093489
25093496
25109451
25125656
25125657
25128069
25128071
25130171
25130172
25132264
25135223
25136068
25142796
25149064
25150782
25150783
25151965
25153350
25157833
25164008
25164015
25172416
25173582
25174404
25193465
25194504
25195859
25195862
25199762
25204555
25205103
25209430
25211657
25216671
25217526
25217527
25218344
25218345
25218347
25218351
25218593
25220446
25224571
25233396
25233400
25236911
25242357
25252916
25261236
25263439
25269478
25277524
25284584
25284586
25300797
25301449
25301451
25304368
25304379
25304380
25304382
25304383
25304384
25305447
25305448
25305450
25305452
25305454
25314054
25315249
25320014
25321193
25322986
25326491
25328135
25347742
25347745
25361894
25362851
25362853
25362854
25363669
25364581
25366136
25371409
25381815
25393367
25398438
25399696
25414595
25417726
25422792
25422913
25434796
25435370
25435374
25435811
25435812
25444895
25444900
25444901
25444908
25444914
25444916
25444918
25444921
25444927
25444928
25449427
25449432
25449435
25449438
25449774
25449775
25449780
25449782
25449787
25452390
25458952
25458953
25462857
25462858
25468898
25474247
25477070
25477253
25480946
25484626
25488908
25492861
25499080
25499081
25500540
25503559
25511737
25511738
25511739
25524555
25528629
25529012
25531324
25531331
25541060
25543086
25543087
25555669
25573345
25578779
25578782
25592038
25592039
25592040
25592041
25592042
25592151
25595591
25596283
25597410
25597785
25600646
25600649
25610713
25615280
25617799
25617801
25619829
25622682
25633838
25633840
25634213
25636517
25637791
25639872
25641338
25643696
25648584
25649767
25657110
25661735
25662441
25667121
25668010
25676690
25676692
25684142
25687883
25687885
25688736
25695484
25697482
25703326
25703327
25712344
25720799
25721085
25724625
25724678
25727291
25727320
25728673
25728677
25728681
25737303
25742485
25744720
25744721
25745993
25745994
25745995
25746000
25746002
25748386
25749420
25749421
25749422
25754817
25759022
25768400
25772237
25779673
25779676
25790908
25798840
25799952
25808869
25813403
25813405
25813406
25823027
25825051
25827073
25832656
25837851
25843291
25843294
25859409
25864589
25864591
25867061
25867064
25867271
25867276
25879549
25879771
25886453
25887760
25887995
25890221
25892549
25893300
25893304
25896631
25902914
25904638
25906045
25910840
25915842
25917566
25925741
25931210
25936644
25937299
25937300
25942394
25949875
25949905
25949914
25949918
25953102
25957890
25961913
25961917
25966845
25976768
25977338
25979229
25979231
25979232
25981169
25982206
25986744
26014048
26019984
26021873
26022250
26022928
26025329
26028030
26028330
26049022
26050620
26054847
26060017
26062558
26063074
26069248
26070964
26073077
26073087
26075750
26104663
26116344
26118776
26118777
26119940
26123662
26135896
26137399
26139244
26140236
26140244
26141861
26148231
26165234
26175927
26175928
26180082
26180925
26181258
26188282
26196185
26198430
26199092
26208907
26210254
26212015
26213369
26220863
26230952
26230954
26230956
26231735
26239199
26249173
26254477
26254540
26259512
26259513
26267535
26272182
26276718
26276722
26279301
26279303
26282786
26286454
26291058
26300492
26304716
26321052
26341687
26344693
26359459
26363011
26364603
26364607
26364613
26364616
26383163
26387538
26391645
26404754
26405574
26405597
26405607
26405609
26409566
26409568
26433159
26434586
26434591
26444983
26446715
26450912
26451302
26451310
26451317
26451325
26454216
26455318
26455324
26455327
26458995
26458996
26483203
26483206
26487961
26487969
26501855
26503334
26512878
26514126
26518146
26522259
26523671
26525579
26545364
26549025
26549028
26549029
26549030
26549033
26554658
26561538
26563758
26568302
26577809
26577810
26579227
26582655
26582930
26587313
26616859
26619403
26620707
26625006
26648534
26655272
26655273
26656954
26657153
26658052
26669864
26676748
26676758
26681767
26683776
26686088
26690544
26701804
26706415
26708505
26715448
26719542
26721204
26725323
26733151
26739060
26742010
26744532
26747895
26751775
26759235
26759236
26776160
26779377
26779444
26784122
26791237
26794279
26797416
26797421
26801745
26801746
26803055
26803057
26803058
26805759
26805761
26805762
26805764
26808577
26808578
26808579
26820227
26828135
26828136
26837767
26845447
26845448
26850373
26851944
26854714
26857262
26865454
26872723
26872725
26876203
26876207
26876208
26876215
26878386
26878391
26880805
26882069
26892465
26893478
26898756
26898939
26900950
26902422
26902423
26908325
26926424
26926787
26926789
26928313
26940070
26940138
26942056
26942079
26944315
26944318
26945965
26945966
26945967
26945969
26949052
26950598
26952810
26957312
26957363
26960975
26963494
26965998
26973243
26975630
26975631
26980761
26984756
26987623
26992424
26996299
26996301
26999718
27000664
27000992
27000993
27006177
27012186
27012187
27012864
27012866
27013198
27013199
27013200
27018306
27018308
27033454
27033455
27037060
27037061
27041571
27041581
27041584
27045473
27057432
27057439
27057441
27057444
27057451
27063095
27063096
27063099
27063964
27065318
27065326
27065330
27065331
27065335
27065453
27071307
27080302
27080303
27085461
27086925
27086927
27089143
27090738
27090786
27090891
27091400
27106407
27106408
27108064
27109100
27109512
27126360
27126361
27127725
27130664
27130665
27130666
27130667
27132506
27132512
27132990
27133816
27133822
27141337
27141341
27141355
27141406
27144063
27146823
27147598
27157611
27157618
27157912
27159677
27160647
27165742
27172250
27179930
27181202
27181205
27195913
27197202
27206846
27206848
27206850
27208741
27212034
27212442
27216177
27216979
27216981
27216982
27233476
27235608
27238570
27239961
27241665
27260871
27264264
27267806
27267910
27270422
27270423
27270424
27270427
27292258
27294866
27302166
27302170
27317648
27317872
27317874
27321179
27322737
27325649
27336605
27339327
27339426
27345398
27345740
27348267
27349166
27364559
27375022
27375023
27378242
27389056
27391317
27391574
27399334
27402081
27423313
27424288
27424523
27429074
27431311
27439973
27443606
27450326
27450327
27450454
27450722
27457538
27458532
27461581
27467956
27467961
27467962
27471108
27471615
27471616
27471622
27471628
27471651
27473824
27477901
27495899
27496707
27497248
27499138
27502167
27516093
27516205
27523281
27524415
27524417
27530352
27531854
27537390
27543358
27544906
27546621
27554639
27566398
27569653
27569654
27576197
27581375
27591936
27593923
27593933
27593934
27593937
27594673
27597739
27601007
27609066
27617576
27617577
27622026
27622027
27622036
27622038
27622040
27622053
27622076
27634758
27641329
27641336
27641337
27644439
27655410
27658462
27669436
27671677
27678372
27680684
27689744
27693460
27693557
27693558
27693630
27693631
27693633
27693634
27693636
27693638
27694835
27694893
27694898
27694903
27701389
27702660
27702661
27702662
27713084
27721018
27721019
27721020
27721403
27721408
27724883
27733172
27736841
27737703
27748371
27748766
27756569
27757296
27757304
27758886
27758890
27760566
27765671
27773749
27773927
27775077
27780719
27780824
27784747
27793695
27807368
27807502
27807508
27809873
27810403
27810405
27811851
27811858
27815035
27815389
27819668
27821487
27826040
27826041
27832663
27832972
27832973
27836733
27840089
27840243
27841865
27841868
27847302
27847303
27853635
27853640
27853643
27853654
27855694
27855695
27857131
27863523
27864114
27864346
27867015
27867016
27869168
27872089
27872097
27875523
27875524
27884159
27884160
27884166
27884201
27892920
27893001
27893713
27893714
27894955
27898661
27899378
27913196
27913199
27916606
27918553
27919788
27923823
27923832
27923917
27939696
27941887
27941930
27986464
27989801
27991916
27991922
27991929
27991933
27998759
27998760
27998761
27998762
27999734
27999743
27999745
27999746
27999760
28011320
28011619
28011625
28025100
28039161
28040546
28043910
28043911
28043912
28044245
28067907
28068319
28068320
28069798
28081541
28082402
28082404
28087599
28089830
28089831
28089833
28092673
28092676
28093286
28108314
28112720
28114283
28114284
28114286
28114995
28123872
28123882
28123892
28123898
28126323
28130223
28131903
28131906
28134935
28137631
28141796
28143526
28143717
28148545
28153033
28153790
28154776
28154777
28154778
28163188
28166193
28166197
28166201
28166202
28166203
28166825
28192212
28192397
28194038
28197363
28197365
28197382
28197389
28197391
28202352
28202507
28202509
28202524
28202528
28209205
28209613
28209614
28216372
28216373
28216375
28218735
28218904
28219405
28222070
28223168
28223169
28228105
28241849
28249897
28259820
28259822
28263966
28263968
28263980
28263981
28267710
28268166
28274891
28280038
28286260
28287611
28287612
28287613
28288133
28288140
28288656
28288874
28302680
28315433
28315434
28319060
28319061
28319066
28323030
28323036
28330927
28336327
28339588
28340100
28344866
28344874
28344880
28344882
28344891
28346420
28346425
28346429
28351615
28351890
28356122
28359080
28365400
28366557
28368398
28368401
28371892
28377178
28385602
28394339
28394340
28394344
28394356
28394358
28400334
28405506
28405514
28405515
28405520
28405526
28408353
28416482
28416484
28420424
28428074
28433598
28436948
28436990
28436991
28446464
28450156
28450159
28455240
28455241
28455243
28455245
28456659
28459460
28459467
28461244
28461245
28462918
28465257
28468915
28473531
28476483
28478181
28481869
28481872
28481874
28481877
28484077
28486106
28486108
28487383
28494471
28504721
28507788
28507796
28507798
28512246
28515123
28522751
28529067
28533311
28534505
28534508
28534512
28534516
28534518
28536011
28560070
28571042
28575485
28575494
28576749
28577975
28577976
28581513
28581524
28588321
28595260
28595628
28602974
28602977
28602978
28602979
28602980
28604762
28610955
28611045
28624623
28625976
28626217
28628113
28628119
28629373
28629431
28632723
28634044
28634045
28638740
28642170
28642171
28645561
28649002
28650446
28650464
28650465
28664914
28671676
28673317
28676064
28680743
28683467
28686226
28687354
28687357
28687618
28688970
28692032
28692034
28692037
28692048
28692052
28692053
28692056
28697177
28705773
28714949
28714959
28716524
28716525
28720574
28729048
28737756
28743532
28745315
28745317
28745318
28754671
28759023
28759035
28759040
28760855
28761739
28775166
28775168
28778566
28783167
28783177
28785074
28787434
28789966
28797844
28803992
28809863
28811960
28811964
28817833
28817834
28819028
28823958
28823959
28823960
28825720
28825721
28825722
28826721
28827373
28842285
28844709
28844713
28844714
28846110
28846113
28855207
28866094
28867247
28869598
28869606
28869607
28873085
28883004
28883005
28889000
28898232
28904065
28916653
28916656
28919992
28923397
28923398
28923399
28923401
28923857
28925397
28926527
28932630
28932635
28939029
28942012
28942013
28943452
28945217
28945218
28945223
28947137
28947139
28947140
28947141
28947421
28949956
28949958
28951128
28951460
28951462
28964783
28964785
28964787
28965855
28967900
28967902
28967907
28972072
28987385
28987387
28987388
28989054
28989055
28991234
28991259
29017179
29018577
29021135
29024810
29024813
29024815
29024939
29024941
29031565
29031586
29037867
29050982
29055017
29059152
29059156
29059170
29059172
29061507
29065111
29066510
29066512
29069576
29073637
29074425
29079416
29084207
29084211
29084594
29092949
29104146
29106389
29106392
29106393
29107102
29107103
29107104
29107108
29107111
29111349
29123261
29123266
29123267
29126912
29129783
29135973
29147576
29147601
29147602
29147605
29147607
29147624
29174803
29175457
29175458
29180469
29180678
29187402
29187406
29196128
29196129
29199004
29199005
29203250
29209566
29222038
29229597
29229603
29233656
29233925
29234151
29234630
29235568
29235569
29238041
29242604
29247824
29247827
29248712
29248713
29248714
29249820
29259010
29269867
29296528
29296544
29298689
29306013
29308304
29308305
29308315
29308321
29308323
29311157
29311158
29311643
29316944
29317253
29318404
29321163
29321664
29326439
29330145
29330146
29331416
29331417
29331420
29331421
29331422
29331423
29333281
29335012
29335519
29335521
29335523
29337106
29337108
29337110
29339208
29339211
29339538
29343848
29343850
29343851
29348462
29348487
29348488
29353883
29355657
29355659
29357914
29358573
29361949
29366803
29367650
29372104
29374064
29374065
29374066
29374067
29374558
29378238
29384527
29384529
29386185
29399387
29399411
29408653
29409495
29409808
29409810
29409972
29409973
29409974
29409989
29410023
29410067
29416940
29422082
29422611
29425683
29428642
29429992
29432845
29433555
29433585
29437707
29438989
29438990
29440144
29440169
29449692
29449693
29449695
29452146
29452147
29454093
29454095
29458143
29458144
29458145
29459645
29459713
29463844
29467488
29471853
29472529
29476791
29477378
29477380
29479064
29479066
29482577
29482578
29483095
29483096
29483646
29496539
29497124
29501702
29511345
29511350
29511351
29515234
29520102
29520103
29520106
29524556
29524558
29531159
29531269
29535419
29535422
29535424
29540402
29540668
29540733
29540752
29545602
29545966
29545967
29545970
29545971
29545972
29547938
29549164
29551772
29554921
29555975
29555976
29558951
29559743
29559745
29563608
29563612
29572224
29572226
29574276
29580806
29588350
29588351
29604392
29604394
29608985
29608986
29610526
29618368
29622794
29632708
29632717
29632718
29632726
29632729
29632731
29632736
29635069
29636079
29643475
29653269
29654155
29654889
29660380
29660381
29662192
29662193
29662196
29662197
29662831
29662832
29669758
29669759
29678550
29679612
29684419
29691367
29695832
29702190
29702191
29702193
29702194
29702196
29706652
29706653
29713056
29716633
29717200
29717263
29717264
29721392
29729901
29735544
29735546
29735547
29735548
29743591
29746925
29746928
29753758
29760406
29763634
29764867
29772266
29773900
29773901
29773903
29776962
29777784
29777785
29778566
29780166
29789419
29789713
29789714
29795405
29795406
29799025
29799987
29800682
29803789
29803790
29807112
29807114
29843746
29844124
29844127
29846705
29848341
29848346
29849122
29855616
29857126
29858603
29859299
29859300
29859875
29864454
29866190
29867201
29870774
29871935
29872147
29872558
29872564
29872566
29872572
29872580
29872581
29872720
29879497
29880482
29884889
29885519
29885520
29890208
29891507
29895969
29898759
29898994
29899406
29900038
29900041
29900044
29900066
29904067
29904125
29906487
29908210
29908962
29913236
29915022
29921695
29921847
29921949
29925861
29937544
29945959
29945962
29951339
29960049
29964204
29967258
29967262
29967265
29970904
29973687
29973688
29980787
29980788
29981431
29985480
29985481
29991801
29995871
29995872
29997231
30002156
30002443
30003928
30008386
30012671
30013189
30013190
30016968
30017966
30018046
30026052
30026326
30031117
30033448
30038266
30038324
30042415
30042416
30054562
30065049
30068940
30075204
30076414
30076898
30082686
30082910
30082912
30087438
30093560
30093629
30093632
30098163
30098399
30102952
30103775
30108202
30118839
30118840
30118841
30118842
30118844
30118845
30131377
30135190
30135194
30143522
30143523
30155344
30157900
30165191
30165192
30165194
30165197
30171052
30171053
30171135
30171256
30171257
30177836
30177838
30177839
30177842
30181547
30181549
30185232
30185552
30197790
30197791
30197797
30201736
30202098
30206308
30208943
30209363
30209404
30213558
30217218
30217564
30220706
30221039
30221043
30221052
30221056
30221059
30223068
30223883
30227221
30250021
30250297
30250300
30253191
30254146
30254148
30254209
30254211
30258108
30275459
30275562
30279243
30282671
30285868
30288343
30288353
30288357
30288364
30293994
30305727
30305728
30312725
30312729
30315846
30337690
30343112
30343113
30343114
30347283
30348808
30352261
30353165
30355620
30367150
30368528
30377557
30377563
30377567
30377569
30382189
30385205
30385738
30385854
30389703
30390072
30390075
30391781
30391782
30392786
30393159
30393198
30393586
30393759
30396909
30401637
30401677
30401678
30401711
30401889
30419346
30419348
30419349
30420335
30420617
30420689
30423407
30429106
30429107
30439540
30439541
30442980
30447255
30455428
30458884
30459150
30459152
30459304
30464168
30467379
30470824
30472184
30472185
30472186
30478449
30481563
30498084
30502359
30503551
30503554
30503555
30518811
30524878
30524894
30524898
30524906
30526680
30529153
30529155
30530815
30531833
30532073
30532074
30540926
30542119
30542120
30543814
30545412
30546078
30546088
30546089
30546945
30546957
30546959
30546960
30547809
30550850
30555157
30555158
30563569
30563888
30563889
30563971
30563983
30573520
30573782
30574431
30575817
30575821
30579971
30583070
30583071
30583073
30583078
30584071
30590102
30590814
30617306
30626446
30626935
30631055
30639194
30639532
30642372
30642373
30643194
30647455
30651289
30651599
30654010
30659020
30659266
30660646
30660650
30660652
30664964
30673592
30673593
30674532
30677445
30677447
30683654
30683884
30683932
30684592
30685412
30685413
30690057
30692637
30692639
30696954
30696957
30707920
30713782
30713783
30713796
30713802
30718359
30718921
30733193
30736840
30737232
30742065
30742066
30742067
30742939
30742941
30742942
30742943
30742945
30745575
30745576
30753603
30753838
30755403
30760518
30766750
30766752
30766754
30766755
30766756
30770901
30771428
30771435
30771436
30771439
30772441
30773340
30776481
30777106
30779944
30786995
30789662
30790682
30790683
30790684
30795783
30796352
30804456
30804457
30804458
30808369
30808413
30808674
30808864
30808873
30816344
30816954
30832689
30832692
30842092
30842103
30842588
30849479
30849480
30851420
30851421
30858153
30858544
30858545
30862487
30862720
30867140
30871619
30872078
30872583
30878526
30885276
30886235
30890618
30890754
30891326
30894683
30904618
30905812
30905814
30905816
30906662
30906667
30910586
30910592
30914208
30914411
30917918
30918001
30922917
30928379
30928380
30928384
30928385
30929850
30930234
30936423
30936461
30940659
30940661
30940905
30944026
30953029
30954649
30959078
30967627
30967633
30971294
30975694
30978440
30978441
30978443
30979864
30980866
30980867
30981757
30981758
30981760
30981761
30988394
31000690
31004700
31004701
31004702
31015230
31018151
31018940
31023384
31043707
31053633
31055110
31059752
31069137
31069140
31069157
31069158
31075288
31076568
31078732
31078735
31086727
31097020
31097476
31100410
31100412
31101762
31101763
31113805
31113806
31119043
31119045
31119047
31119049
31119050
31119051
31119052
31119053
31119055
31119057
31119058
31119060
31125641
31130723
31142514
31143520
31143524
31158430
31163195
31173852
31173854
31173855
31176743
31186039
31186231
31195060
31199988
31207319
31207321
31207322
31209059
31217297
31223481
31226409
31231565
31232447
31233836
31233838
31235785
31239268
31243299
31247272
31247273
31249383
31253668
31253867
31255724
31266773
31273338
31278950
31285549
31289132
31289134
31289136
31292160
31299995
31300050
31300052
31301319
31308046
31310800
31311807
31311811
31316145
31319137
31320708
31331909
31331910
31332286
31332287
31337439
31337857
31340867
31349879
31352078
31352079
31358902
31371779
31383647
31387639
31387897
31387898
31391096
31391111
31391552
31391553
31394122
31395078
31395608
31399419
31399645
31402980
31404611
31404613
31406244
31406247
31406252
31409638
31409641
31409774
31409899
31409901
31409903
31409905
31412934
31413919
31417182
31417183
31417184
31420533
31420604
31427735
31428527
31435020
31439546
31444414
31455411
31461670
31462297
31462302
31462705
31462708
31462711
31464648
31471584
31473252
31477833
31477834
31477836
31477839
31479691
31484657
31485019
31488218
31491449
31492847
31492896
31499118
31499120
31501521
31504797
31504810
31511035
31511064
31511071
31514732
31516744
31516748
31516749
31516750
31516751
31516753
31516755
31516756
31518603
31519211
31521694
31523056
31527689
31530567
31530934
31542354
31546024
31548613
31562393
31563563
31563962
31563963
31565477
31565479
31565480
31565483
31565484
31565485
31565488
31565489
31570753
31570791
31575549
31576013
31576015
31588122
31591387
31591390
31591469
31591477
31591480
31591481
31593800
31597912
31597953
31600530
31605013
31605014
31605775
31610265
31610266
31615816
31615976
31623653
31623662
31624373
31624374
31629930
31629931
31629932
31629934
31629935
31631174
31634527
31634528
31636385
31636387
31640756
31640759
31641207
31641208
31644929
31645542
31646071
31646072
31646073
31646096
31646099
31646108
31649319
31659254
31659256
31659258
31666238
31666682
31669202
31672491
31673069
31676872
31678168
31685806
31685946
31685947
31690668
31690832
31694698
31695026
31695151
31703598
31705064
31705065
31705927
31705928
31705929
31719056
31722750
31727135
31729527
31730901
31730902
31730904
31732653
31732712
31733286
31733289
31734353
31734354
31734356
31738958
31740732
31740785
31741753
31741756
31741760
31741776
31744509
31748715
31753012
31754211
31754213
31765736
31765737
31765738
31768346
31771616
31771969
31771985
31772161
31775862
31776458
31776466
31779710
31783776
31783783
31784868
31787749
31790762
31801973
31809800
31811271
31811272
31811906
31811908
31811909
31811910
31815186
31818312
31819169
31819178
31819179
31819185
31819189
31822496
31822653
31822656
31823802
31827238
31829270
31830559
31831834
31836847
31837443
31838083
31838084
31843555
31846689
31848193
31848194
31848446
31857155
31857720
31864424
31866467
31867599
31874246
31874856
31874857
31875526
31900208
31904478
31904481
31904482
31904486
31907001
31907639
31908884
31908886
31908890
31908891
31908892
31908893
31908896
31908897
31911552
31913260
31915364
31919406
31931029
31931030
31938901
31948451
31948886
31954770
31954771
31958485
31959200
31959726
31959898
31969677
31974474
31988454
31993801
31996785
32001818
32001831
32002283
32002294
32002297
32004572
32005272
32005973
32005974
32005977
32006200
32006618
32014456
32014457
32014458
32015157
32015321
32024555
32025991
32029898
32029901
32033570
32034306
32034307
32034309
32037496
32041943
32042474
32049046
32051553
32054633
32054827
32054830
32056048
32060148
32060258
32060421
32060423
32061752
32061754
32061949
32061950
32061951
32061952
32066877
32066878
32071289
32071398
32075801
32082573
32082574
32092355
32094463
32098780
32098781
32102837
32103167
32108166
32111602
32111983
32111984
32112903
32117591
32120023
32120024
32120026
32122992
32123162
32127356
32127645
32128213
32138762
32139666
32142918
32144235
32152220
32152465
32156778
32156780
32156781
32157097
32157210
32157214
32157216
32158623
32158625
32158626
32160976
32161311
32165621
32169868
32171858
32179514
32179631
32183950
32184145
32194140
32195358
32198343
32200035
32200037
32200038
32201203
32203147
32203162
32203166
32203206
32203224
32205862
32205869
32210368
32214200
32216806
32217695
32217697
32217761
32219176
32225170
32231272
32234710
32238881
32242147
32245502
32246150
32246956
32251364
32253246
32268165
32268166
32272148
32278016
32278814
32284541
32291386
32291411
32291412
32296578
32296580
32296581
32296582
32296584
32296586
32296587
32296590
32296591
32299915
32300050
32303611
32305558
32312832
32312833
32313226
32313718
32313725
32313726
32313731
32317776
32322395
32332856
32336754
32341037
32341409
32350000
32350243
32350414
32354736
32360180
32361710
32363118
32363119
32363125
32366907
32367071
32368343
32371459
32371475
32372027
32372060
32372061
32376724
32376890
32382014
32390009
32391193
32393833
32398735
32398865
32398867
32399431
32404918
32404984
32404987
32415061
32417396
32424293
32426177
32428663
32435496
32435498
32439420
32439864
32448804
32451469
32454143
32457124
32461345
32467600
32473242
32483111
32483180
32483207
32487569
32488136
32492707
32499521
32503584
32503944
32507856
32508007
32508015
32508020
32508023
32508027
32508029
32508030
32508032
32508033
32508036
32508039
32508042
32508044
32508046
32508048
32508049
32508052
32508053
32508058
32508061
32509418
32513227
32514152
32514352
32518375
32522278
32523801
32526082
32532809
32534173
32536040
32540859
32544514
32546241
32546724
32550270
32552847
32552902
32554611
32554616
32555330
32561415
32561537
32564521
32567245
32572172
32576970
32577323
32581055
32581056
32585412
32585413
32587398
32587774
32587775
32587776
32587777
32587778
32587779
32587781
32587782
32587783
32587784
32587785
32590022
32591411
32592729
32594100
32601462
32606052
32606053
32606358
32607238
32611686
32616055
32616847
32616889
32624576
32628818
32632106
32632113
32632148
32632220
32634272
32636239
32639645
32641859
32647633
32647635
32651256
32651260
32659050
32659053
32661094
32661251
32661323
32661324
32663285
32669292
32680921
32682951
32690037
32690044
32690665
32695399
32702202
32704133
32711096
32712628
32719094
32719439
32719549
32722861
32724161
32724162
32724220
32728095
32730778
32730779
32733069
32737433
32738271
32753468
32753650
32753651
32758616
32764075
32764572
32768524
32770142
32775040
32778769
32778818
32788173
32792358
32792359
32792499
32798587
32801296
32801345
32802960
32805322
32813021
32814086
32814087
32814829
32814835
32817209
32817393
32817792
32820249
32820252
32821804
32826950
32826951
32827601
32829005
32829006
32829007
32829008
32830120
32839439
32847938
32848128
32848211
32855157
32855524
32855525
32858102
32859741
32860752
32860848
32860849
32860851
32860853
32861708
32863271
32866608
32879443
32879444
32879445
32891712
32895296
32896617
32898324
32898328
32898330
32898333
32898337
32898339
32898601
32901105
32905814
32907841
32913192
32917658
32917955
32917956
32920199
32920200
32923114
32923125
32923129
32923133
32923138
32923148
32923150
32923162
32923168
32923685
32926734
32931883
32931884
32931885
32931886
32933967
32934314
32934344
32938627
32939321
32939323
32939327
32939328
32941949
32943604
32943729
32943751
32944399
32944400
32944401
32944402
32944403
32944406
32946963
32946964
32948650
32949680
32958683
32958824
32963350
32964117
32964128
32973332
32973333
32977829
32978226
32978516
32978517
32978519
32987139
32989225
32989256
32999272
32999755
32999867
32999868
32999872
33009487
33010383
33024272
33028692
33028694
33028695
33037113
33037410
33037411
33038488
33039559
33039561
33040081
33046796
33051252
33051595
33051597
33051598
33055204
33060856
33067266
33067576
33069768
33069770
33070167
33077866
33077870
33080309
33082168
33082557
33083281
33087896
33091534
33093022
33093168
33096021
33097858
33099584
33101777
33106387
33110233
33110706
33115941
33115945
33116119
33117604
33122398
33122825
33122827
33122828
33122847
33129955
33129956
33129959
33130316
33132120
33135336
33135339
33135346
33135348
33135350
33135357
33138852
33140095
33144099
33144684
33145401
33145402
33145436
33148467
33150044
33152401
33152402
33157157
33158815
33158915
33160003
33160389
33168645
33168810
33168819
33168950
33172881
33172882
33172931
33177108
33178496
33184472
33186520
33186656
33191405
33194320
33203663
33203701
33203703
33204013
33208911
33213490
33214228
33219317
33220333
33229341
33230243
33232789
33235820
33239315
33239676
33239678
33239755
33246092
33249195
33249476
33250513
33252851
33252856
33252861
33262463
33262519
33262528
33273725
33277366
33277463
33278498
33279622
33287873
33290869
33292593
33292688
33293694
33298620
33299118
33299121
33299645
33299646
33299648
33299649
33299650
33303576
33303577
33307156
33309780
33309856
33309857
33309859
33310726
33312758
33312759
33323378
33323464
33323966
33325513
33335279
33338532
33340617
33352248
33354409
33355239
33357454
33359275
33359451
33361392
33361394
33377632
33377634
33377642
33377649
33377651
33377659
33383154
33388371
33399071
33402387
33402389
33402390
33402674
33407765
33413510
33414262
33419772
33419773
33419984
33420361
33420362
33420370
33420372
33420374
33420375
33423038
33429004
33431375
33431790
33431797
33431808
33436487
33444691
33444692
33446239
33450198
33450361
33452206
33452453
33452458
33452459
33452462
33457080
33457092
33457101
33457103
33463049
33463050
33463054
33469161
33472669
33473168
33473171
33476649
33482262
33483600
33485948
33489473
33493586
33503448
33504576
33508734
33514366
33514401
33516217
33516270
33520407
33526036
33531626
33531691
33536018
33537171
33537172
33537173
33546686
33546774
33549114
33549147
33557839
33557848
33563773
33564066
33564067
33564070
33564072
33564074
33568167
33568170
33574053
33579281
33579282
33579299
33579737
33579899
33580130
33580207
33582212
33587979
33588834
33588847
33589518
33589528
33593338
33593340
33593355
33593390
33593403
33593829
33596917
33597040
33602210
33602220
33602225
33602229
33602230
33602233
33602237
33602787
33603165
33603170
33608016
33608256
33619115
33619322
33622324
33622411
33627127
33627780
33627781
33627782
33628586
33628588
33628589
33628590
33628591
33628593
33628594
33628597
33628600
33628601
33628625
33632198
33632211
33632212
33632213
33632224
33632229
33634965
33634966
33634982
33634984
33634993
33637086
33637599
33639203
33648519
33649532
33649536
33653339
33653340
33653348
33653351
33653799
33654083
33654196
33654199
33658048
33658628
33663502
33663509
33663520
33663535
33664452
33674746
33675985
33676940
33685449
33686197
33686238
33686242
33691685
33691694
33692217
33692219
33705863
33708638
33710804
33710807
33710810
33710811
33710812
33710814
33710815
33710816
33710817
33710818
33710819
33712005
33712015
33712026
33712705
33713738
33714984
33714986
33716296
33722306
33724741
33726754
33726765
33726770
33727226
33727227
33731144
33731705
33733647
33737344
33740421
33741027
33742120
33742121
33742125
33742127
33743822
33750398
33750895
33755379
33757492
33758320
33763295
33764710
33766751
33766752
33767438
33771898
33772032
33780892
33782099
33782107
33782545
33783985
33783988
33783990
33783993
33783995
33784000
33784003
33784005
33784010
33784016
33789676
33789678
33789749
33789757
33794884
33795252
33795385
33795388
33796401
33796410
33796414
33819529
33820798
33824464
33824472
33824473
33824474
33824475
33824478
33830713
33833049
33836250
33836835
33845905
33846569
33846573
33848520
33849528
33849617
33853831
33854822
33856140
33858418
33858423
33858425
33858426
33858449
33858847
33859372
33862150
33863325
33863779
33865370
33865377
33868792
33872694
33875483
33875786
33879126
33879154
33883257
33883692
33888130
33888868
33889438
33892452
33893728
33893730
33894331
33902589
33902604
33903120
33903122
33908609
33910928
33911205
33926554
33931742
33931964
33931967
33931972
33931981
33933551
33933553
33941610
33941853
33941854
33947829
33947834
33947957
33948392
33953345
33957184
33957185
33958724
33960176
33960177
33960178
33960179
33963274
33964350
33966038
33971282
33971970
33972389
33972683
33972684
33975879
33975883
33977090
33980862
33984142
33984420
33985974
33986122
33986509
33990700
33991616
33992711
34000344
34001194
34002017
34002584
34003774
34006632
34006924
34007008
34007044
34010715
34011528
34015398
34016722
34016944
34017077
34017080
34018388
34019807
34019961
34021538
34026335
34037346
34044068
34044070
34047469
34047470
34047476
34047479
34049973
34050266
34052325
34052328
34052329
34052330
34062216
34079012
34079082
34079084
34079086
34079089
34079090
34083420
34086429
34087780
34088349
34088989
34089808
34098062
34098063
34099454
34102284
34102285
34103686
34104539
34104546
34106558
34108026
34108603
34108619
34108620
34108621
34112247
34112250
34117085
34117115
34117262
34123575
34126192
34126196
34127545
34127812
34127813
34130988
34131019
34132505
34139284
34140641
34145030
34145399
34148056
34155343
34155344
34155345
34158591
34160167
34161791
34162680
34162832
34163029
34163030
34163031
34163033
34166767
34168004
34172514
34172932
34174070
34175886
34185412
34185414
34185421
34185422
34185423
34185427
34185428
34185429
34188196
34188250
34211089
34214167
34216686
34216689
34216690
34218271
34221700
34221701
34226281
34229059
34230112
34233747
34234148
34235004
34237408
34239776
34242966
34244300
34244488
34244606
34245853
34245854
34246306
34247189
34247196
34249476
34252487
34253636
34256094
34256096
34262130
34262797
34264564
34265397
34265399
34266895
34267187
34267330
34271102
34271104
34272308
34272387
34272474
34272481
34273467
34274028
34274452
34274945
34274947
34281987
34282274
34285037
34290048
34290402
34290908
34294681
34294845
34294846
34298122
34301762
34301812
34301815
34302921
34303763
34303930
34311033
34312488
34314754
34316020
34316028
34320372
34321238
34321242
34321244
34321275
34321603
34321604
34323404
34323409
34323412
34323415
34323416
34323425
34324862
34326167
34326168
34331014
34331023
34339800
34341130
34341514
34343634
34343636
34345012
34345013
34345014
34345015
34345532
34345533
34347395
34347396
34348188
34348759
34348966
34349242
34350059
34350060
34362795
34362797
34362829
34363020
34363021
34363022
34371129
34373258
34373586
34376552
34377590
34378879
34378880
34380634
34381181
34385181
34385182
34385595
34389432
34389559
34390764
34391477
34391809
34392135
34392305
34403221
34408002
34408922
34408924
34413167
34413457
34414118
34414120
34414121
34416471
34417225
34417325
34419497
34419500
34425185
34427999
34428517
34433910
34434610
34446576
34448554
34450198
34452929
34459124
34459125
34459127
34459128
34459131
34459571
34461179
34461181
34461182
34462326
34465864
34471236
34479923
34479964
34480971
34481330
34481934
34481935
34488814
34489334
34489549
34489551
34491007
34492331
34495597
34506845
34508066
34508169
34509534
34513318
34517083
34520818
34520819
34520821
34526097
34526099
34527431
34530049
34535458
34535770
34536555
34536556
34546668
34548385
34548478
34548638
34551961
34552824
34553850
34560229
34562519
34562520
34563641
34564700
34570439
34570441
34570443
34570444
34571081
34571084
34580061
34580431
34582975
34582976
34583971
34586722
34586726
34586728
34586732
34586733
34586738
34586739
34586741
34586744
34586759
34591413
34591414
34591415
34593522
34595059
34595061
34597712
34599021
34601021
34601505
34606182
34607841
34608265
34611125
34611310
34611311
34615704
34615706
34615995
34615997
34615998
34616588
34620881
34621019
34623790
34625514
34625711
34626691
34626692
34627333
34627950
34627951
34633777
34634383
34637843
34642245
34642309
34642500
34645607
34645609
34645670
34645979
34648881
34650031
34650217
34652890
34653365
34653800
34654723
34655293
34657129
34661159
34666996
34667077
34667275
34667277
34670781
34671086
34671128
34671129
34673127
34676149
34676150
34678434
34687791
34688842
34697216
34697289
34697449
34702726
34709739
34709743
34709758
34709763
34709767
34711611
34712513
34715250
34715254
34715882
34716206
34718347
34718356
34721511
34721946
34725213
34725214
34725458
34725461
34725462
34728310
34736960
34737211
34743750
34745768
34745769
34750245
34750518
34752845
34753771
34754080
34758872
34759344
34759347
34762994
34767926
34767927
34772914
34773075
34775003
34777920
34781990
34782428
34782718
34782720
34784961
34785774
34789552
34789717
34795005
34795388
34798195
34799661
34801597
34804639
34806851
34809683
34810200
34817950
34819634
34824449
34838121
34838826
34839353
34841662
34841685
34841695
34841698
34841705
34841706
34841735
34842356
34845376
34845378
34845849
34846107
34846109
34853434
34853466
34854871
34858728
34862361
34862460
34863886
34873013
34873148
34887263
34893642
34896211
34898034
34902522
34905060
34906623
34916222
34918118
34920021
34922300
34929335
34931765
34932801
34933913
34934050
34936728
34936736
34942305
34942306
34949694
34950183
34952143
34952931
34953403
34958891
34958892
34959168
34965023
34965933
34965934
34965935
34965937
34969774
34971568
34974132
34974521
34975151
34979164
34979165
34979166
34987057
34990752
34992092
34992217
34992218
34996812
34997215
34997217
34999169
35003899
35007697
35013318
35014769
35014770
35017152
35017665
35022193
35022212
35022213
35024247
35026723
35027562
35027669
35027673
35031573
35032557
35033590
35034093
35034955
35036076
35036077
35039478
35039625
35039634
35039639
35042953
35043008
35045987
35051313
35051533
35051534
35057866
35058327
35060345
35061934
35061935
35064016
35064018
35065237
35073459
35074497
35075244
35075805
35075806
35075807
35077803
35082383
35083874
35083877
35086948
35090076
35090098
35090965
35091683
35091695
35092699
35093426
35094011
35096485
35096486
35096487
35101541
35101940
35101946
35102249
35102250
35105688
35110357
35110359
35110680
35110726
35114328
35121645
35121646
35121825
35121826
35121887
35121991
35122000
35122005
35122027
35122041
35122073
35122876
35124696
35124697
35127254
35131382
35131384
35132181
35135809
35136208
35136209
35140113
35140331
35140333
35145233
35145234
35149174
35149175
35149589
35149838
35150809
35152263
35152264
35154904
35154907
35157971
35165401
35170879
35172032
35173309
35176127
35176418
35176420
35177812
35179324
35181784
35184390
35184394
35184398
35184402
35184420
35188360
35193930
35193932
35194190
35194191
35197128
35217574
35217793
35217794
35218667
35219772
35220675
35228530
35228544
35235277
35236741
35236966
35240233
35240234
35241494
35246476
35247887
35247889
35249103
35255118
35256517
35256594
35256755
35256780
35256782
35256783
35257833
35260434
35264742
35273154
35273829
35277197
35277458
35278611
35278612
35278613
35279703
35279704
35287174
35287752
35288241
35288463
35288467
35290436
35296440
35296556
35297204
35303421
35303900
35304107
35304257
35304258
35305401
35306105
35307486
35309732
35312010
35313945
35314791
35315341
35317863
35318116
35318258
35318442
35331335
35331786
35332266
35332268
35338085
35343082
35343092
35346207
35347223
35351128
35351996
35351997
35355679
35361729
35361730
35364609
35365585
35367518
35368044
35371618
35379324
35379737
35379924
35381307
35383115
35383116
35384345
35388140
35388171
35389552
35390227
35392906
35393542
35395674
35396498
35402079
35402080
35404393
35410218
35410346
35410355
35411035
35412588
35415876
35418575
35418691
35422475
35428876
35437307
35440045
35440048
35444287
35447281
35447282
35449176
35449308
35449309
35452181
35459206
35459265
35459779
35459780
35461277
35461328
35468812
35468938
35468939
35472437
35473935
35474446
35476700
35477750
35484216
35484420
35485210
35486454
35487311
35487890
35488312
35489446
35490917
35490918
35501390
35501461
35501863
35502544
35505093
35505384
35507004
35508542
35508543
35522895
35522902
35522909
35522942
35522945
35522946
35523436
35523946
35524253
35524311
35526007
35526050
35526650
35533951
35533952
35536873
35538890
35543554
35544764
35546241
35551503
35558158
35561877
35562407
35562800
35568738
35568859
35568883
35568951
35577504
35577506
35577905
35578338
35580259
35580929
35581670
35589951
35590336
35594863
35594995
35597479
35597868
35604090
35604302
35604910
35605028
35606353
35608199
35609735
35609942
35610628
35613826
35618286
35618790
35623658
35623659
35624145
35624462
35636624
35637250
35637411
35641480
35641819
35644286
35648393
35654790
35659036
35659513
35661819
35662282
35667514
35668172
35672796
35678121
35678231
35688064
35688263
35688553
35688556
35688558
35688944
35692096
35696531
35696608
35697802
35697803
35700820
35700821
35701534
35705314
35707221
35710093
35712121
35715638
35716782
35718269
35723276
35725908
35727735
35728870
35731019
35732215
35732801
35735103
35735113
35738798
35739249
35739335
35750275
35750687
35750693
35756844
35763670
35764266
35764885
35767703
35767704
35768165
35773411
35773412
35780125
35780181
35780182
35780928
35789070
35792620
35793867
35798537
35798874
35798877
35800155
35800156
35802647
35802648
35802820
35804015
35817479
35819135
35821281
35831872
35834269
35835991
35836291
35839920
35841593
35851310
35851847
35853232
35853885
35854065
35857807
35857905
35858925
35862232
35863823
35863988
35864158
35864538
35868534
35869059
35869392
35871235
35876041
35881964
35882980
35882981
35895752
35895805
35896815
35897085
35906386
35906391
35906392
35906676
35907904
35915142
35915262
35917972
35917973
35921972
35921973
35926817
35926819
35927248
35930727
35941115
35941174
35944750
35945453
35949294
35953000
35959968
35960210
35961511
35961512
35962059
35964817
35969010
35969151
35970822
35971159
35972052
35972351
35974143
35974419
35978151
35978332
35978600
35978603
35979619
35979621
35979628
35979854
35980315
35981569
35981570
35981571
35982178
35982235
35982471
35986089
35986102
35987795
35988817
35989368
35998020
35998796
35999267
36002188
36002750
36002752
36030331
36031658
36038948
36041072
36042244
36042349
36043912
36047776
36048182
36050447
36050449
36064433
36064578
36064579
36066408
36068334
36068586
36069931
36071275
36071474
36075487
36082692
36084651
36085418
36087682
36088502
36088503
36088509
36089117
36089118
36092638
36095221
36096526
36096527
36096529
36097193
36098964
36099882
36100310
36102722
36102738
36104099
36104100
36104103
36107416
36109490
36109630
36109631
36112059
36112065
36112698
36113475
36113894
36115593
36116131
36116740
36116741
36122307
36122629
36122630
36123526
36126899
36126994
36127351
36127399
36130926
36138131
36148322
36151140
36153370
36158588
36162713
36163632
36167633
36169095
36172793
36174363
36178086
36183859
36185809
36192478
36193649
36197797
36198437
36202915
36206575
36206576
36207607
36209111
36209176
36209257
36209974
36211811
36214649
36216652
36216804
36216883
36224330
36227615
36229578
36229913
36240777
36243813
36245214
36245253
36245289
36249275
36252997
36253000
36253446
36253524
36253799
36253833
36255412
36258021
36261585
36264173
36265009
36265652
36265653
36266324
36268178
36268179
36271172
36271413
36271440
36272139
36272615
36273042
36279981
36305631
36306790
36306792
36307150
36307151
36307394
36309503
36314067
36316442
36316443
36319063
36323880
36324258
36329124
36332622
36333807
36335262
36336148
36336787
36347964
36348011
36348012
36348379
36348389
36348434
36350001
36350006
36352097
36352191
36354136
36357572
36369320
36369321
36369474
36371565
36376513
36379207
36380369
36385375
36396726
36396820
36396821
36400312
36402931
36418332
36418376
36418470
36418471
36434180
36434634
36436682
36437506
36442353
36442771
36442772
36442773
36446891
36450383
36454228
36455758
36459995
36460336
36460337
36460773
36463324
36470544
36471481
36476328
36480196
36482189
36482192
36482201
36484700
36484721
36484740
36493899
36493900
36495123
36496451
36504325
36512324
36512628
36512632
36512635
36517551
36517590
36521929
36522479
36524206
36525473
36526675
36526676
36526736
36528750
36536485
36536495
36539569
36543373
36543379
36543880
36544044
36550358
36562243
36562654
36563680
36564468
36565920
36567344
36567801
36572949
36574880
36575195
36578176
36580285
36588094
36591963
36593066
36593255
36594873
36596591
36597139
36598364
36599915
36600320
36600554
36600555
36600557
36600662
36600664
36603133
36604567
36607615
36607699
36608865
36609413
36611218
36617263
36622331
36627049
36629054
36631635
36632564
36633583
36634204
36634207
36635499
36635500
36635765
36635772
36639822
36639831
36639835
36639836
36646410
36646808
36647790
36649564
36650023
36650118
36650558
36656750
36657812
36658304
36681728
36681817
36689620
36690678
36691065
36693125
36694213
36696363
36700864
36703078
36706761
36707875
36715635
36717845
36717926
36720496
36723974
36725083
36725886
36725890
36732658
36732659
36736531
36739270
36739363
36745032
36747292
36750552
36755063
36758174
36759013
36759015
36759571
36759726
36759818
36759846
36765146
36772945
36774408
36774506
36787938
36788565
36790438
36791413
36792369
36792756
36792757
36793075
36796670
36803645
36805460
36806557
36806887
36807336
36808074
36811957
36812256
36813307
36813648
36813649
36822671
36823376
36823377
36828869
36841416
36841821
36848524
36849198
36849200
36849955
36853175
36855778
36855781
36855786
36855810
36858460
36858461
36861435
36861439
36861447
36864055
36864711
36868569
36869126
36869127
36871813
36872927
36879284
36881611
36882522
36882524
36882855
36889809
36892426
36894639
36898011
36898427
36899424
36906594
36906654
36907503
36907504
36918219
36918934
36921097
36922568
36922675
36922676
36922678
36927529
36927978
36928361
36928362
36932115
36933779
36934350
36939377
36939378
36939388
36939397
36941015
36948240
36958694
36959764
36963399
36963400
36963460
36965539
36966236
36966254
36967539
36967563
36971107
36977688
36977825
36978140
36990974
36991117
36996321
36997107
36997676
36997719
37001908
37011953
37012388
37012401
37016102
37020035
37020036
37020231
37023939
37029300
37029301
37030634
37030635
37038184
37046045
37054944
37057875
37058118
37059106
37061723
37061993
37070251
37072347
37072348
37072406
37072437
37076248
37076564
37078777
37079312
37080999
37083136
37085500
37086953
37087529
37088328
37089447
37089448
37094986
37095094
37095120
37095208
37095586
37100920
37103476
37105392
37115853
37120007
37120690
37127775
37129929
37129951
37130627
37130916
37132170
37137998
37138031
37138326
37138336
37138354
37144559
37144561
37145144
37146936
37147294
37149018
37149664
37150500
37150501
37151195
37156759
37156839
37157016
37158938
37159932
37160904
37164450
37165202
37172314
37172580
37178668
37179440
37184030
37184371
37185233
37185457
37185458
37186134
37188659
37192729
37193689
37195082
37196908
37196909
37197441
37198173
37198609
37203239
37205633
37209945
37217070
37217071
37217246
37221223
37221625
37227919
37228185
37230222
37231145
37244259
37244445
37244923
37249584
37254661
37258524
37258600
37258779
37261085
37261088
37268280
37274296
37277019
37279851
37280112
37280654
37280656
37282602
37283490
37290926
37295817
37296463
37302564
37311811
37311977
37313656
37316264
37316891
37325495
37326467
37326469
37326474
37327699
37336288
37336961
37344099
37344451
37344582
37345307
37349124
37349127
37349644
37349645
37349991
37350664
37350666
37352379
37352863
37353616
37353681
37353805
37354982
37354983
37355711
37358260
37363990
37364934
37364935
37366368
37369391
37369845
37379245
37380368
37380804
37381590
37381714
37385725
37386055
37386139
37391486
37391593
37392990
37393343
37400529
37400530
37402867
37407566
37414394
37417294
37420030
37422527
37422529
37422706
37423558
37433041
37438419
37460871
37462602
37463119
37467346
37468058
37468393
37468964
37475010
37475048
37477089
37478294
37478851
37486241
37488416
37488603
37488671
37491740
37496319
37500797
37506192
37524225
37524506
37528490
37532831
37535377
37536937
37537298
37537343
37540804
37542107
37553583
37555799
37556508
37558084
37562671
37565737
37567953
37567973
37573354
37573407
37573425
37582861
37586075
37586772
37586774
37591356
37591632
37591940
37591954
37596320
37596321
37596322
37597651
37597850
37597851
37601982
37602818
37602826
37602831
37604643
37605313
37608097
37610617
37610655
37612524
37615958
37616578
37620043
37620295
37620447
37620449
37620450
37634009
37634047
37640197
37640198
37644505
37645216
37646237
37646571
37648148
37649137
37649244
37651725
37652287
37652576
37653114
37653115
37658192
37658588
37660406
37660883
37660885
37668527
37669142
37676279
37678921
37679408
37679762
37683638
37683639
37684408
37689827
37696887
37697064
37700495
37704784
37709296
37712124
37712139
37713596
37715024
37715025
37717087
37717099
37730106
37730273
37730276
37731021
37731205
37738413
37738973
37739210
37739440
37740473
37741431
37741433
37741941
37743632
37743642
37749229
37752233
37752234
37752791
37756562
37756564
37756570
37757903
37758653
37758837
37767065
37767067
37768887
37769796
37769797
37771187
37774697
37774826
37774827
37775523
37777797
37778681
37778683
37778684
37783390
37783391
37783676
37783786
37784249
37784253
37791232
37793855
37794134
37794517
37802603
37805162
37805163
37805663
37806516
37806517
37808405
37816331
37816954
37817756
37820992
37821657
37824278
37827326
37827948
37832554
37832781
37837399
37838281
37844756
37844994
37845392
37846441
37846760
37847513
37847894
37848634
37849962
37852428
37853162
37857527
37858772
37862593
37863352
37864031
37864032
37864033
37864041
37866544
37866545
37867401
37872214
37874330
37876834
37877353
37877357
37879429
37884420
37884683
37898358
37903896
37907595
37914019
37914384
37914722
37921408
37930937
37935567
37935976
37944578
37946295
37950038
37950039
37950040
37956404
37956411
37957150
37957153
37957322
37962020
37963197
37963200
37963207
37965796
37972702
37973952
37983928
37983931
37984724
37989866
37991737
37993084
37993085
37996894
37997519
38007237
38007240
38007537
38008394
38008395
38009308
38013049
38016109
38016720
38017133
38029538
38029539
38029830
38030304
38035726
38036040
38036041
38036630
38037159
38037454
38037549
38038966
38039962
38040417
38040418
38040421
38040804
38040817
38048841
38048842
38049565
38050190
38052369
38056687
38056894
38056895
38056897
38056898
38061486
38062028
38062748
38065400
38066053
38069906
38070488
38070822
38081505
38081923
38081998
38082402
38082439
38084701
38084702
38085180
38088186
38091354
38092144
38092960
38093528
38095536
38095539
38097132
38097134
38097135
38097136
38097551
38101410
38101607
38101608
38101610
38102338
38104151
38110664
38110665
38115701
38115703
38117512
38123820
38125723
38129526
38135208
38135712
38145655
38148114
38148115
38148640
38148658
38158714
38159835
38164720
38168654
38168934
38168935
38169917
38172499
38172534
38175627
38177661
38181795
38182686
38182895
38184692
38185659
38190710
38190716
38191478
38191673
38193640
38195819
38195889
38199609
38199610
38199791
38200104
38200243
38211648
38211649
38211650
38211651
38211652
38211653
38212124
38212482
38214432
38215051
38216672
38216673
38218171
38218456
38218898
38218920
38224863
38225339
38225404
38225927
38228715
38231480
38231484
38232812
38233100
38235317
38235318
38237887
38239077
38241695
38241700
38242125
38242196
38242198
38243079
38243080
38245662
38246220
38246224
38246225
38253217
38253218
38253219
38253702
38254216
38262497
38262706
38263314
38264343
38266804
38266805
38266806
38268050
38268051
38272562
38272564
38272565
38272870
38273343
38278469
38278470
38279869
38279870
38279874
38280476
38280478
38280479
38280480
38280882
38280941
38280969
38285005
38285760
38287113
38289255
38290657
38290659
38290767
38291304
38291499
38291516
38295227
38297019
38297082
38299307
38301909
38301910
38302415
38302417
38307409
38307410
38309615
38309617
38315776
38316768
38317006
38318637
38318640
38321112
38325225
38325769
38326409
38331089
38332180
38335272
38335276
38336287
38336288
38341127
38341511
38342234
38343749
38344450
38347143
38350547
38351345
38355278
38355839
38356419
38360140
38360141
38360142
38361047
38364962
38364963
38366145
38366146
38369001
38369005
38372422
38372449
38372484
38374003
38374407
38378601
38378844
38381538
38382068
38385857
38387756
38388466
38388726
38390756
38395378
38396292
38401886
38402237
38402368
38402609
38403109
38403110
38407902
38408602
38408604
38409471
38409551
38413598
38416702
38417135
38417136
38417668
38418543
38418544
38419056
38419758
38419759
38423246
38423248
38424136
38424363
38424455
38426403
38428724
38429070
38430549
38431034
38431035
38431036
38431733
38432582
38438098
38441561
38443094
38443680
38443681
38445456
38445965
38448521
38453045
38453884
38454166
38458593
38458594
38458635
38458637
38458640
38459120
38459187
38460250
38460724
38462032
38462037
38467179
38467180
38467181
38468359
38468490
38471082
38471085
38471646
38471712
38472210
38476294
38479552
38479553
38480915
38481347
38481388
38484085
38486234
38486485
38490326
38490327
38490328
38499264
38499266
38501978
38507720
38509842
38513800
38514854
38514855
38515216
38516268
38516269
38519580
38519641
38519706
38521199
38521868
38522774
38522775
38525901
38526128
38531664
38533646
38536119
38537773
38537774
38537775
38538739
38548216
38548217
38548218
38548966
38553589
38554116
38556105
38556106
38561039
38561434
38561505
38563585
38565942
38565944
38570084
38572589
38572963
38574881
38575732
38579725
38580333
38582394
38582395
38582397
38582810
38583649
38589248
38589249
38589675
38593213
38593780
38593781
38593782
38593918
38593920
38594371
38594504
38594505
38601319
38604311
38604312
38604814
38605214
38605247
38605478
38609001
38609488
38609496
38609499
38613910
38614384
38614385
38614386
38615929
38615930
38616702
38621457
38621458
38621459
38629624
38630891
38631664
38631712
38632437
38635900
38635903
38636893
38636894
38637902
38640466
38640932
38641310
38641349
38642609
38643837
38649438
38654107
38654108
38654109
38654141
38657100
38657117
38657120
38659080
38659649
38664501
38670306
38670307
38671157
38677641
38679407
38679408
38685450
38685451
38688579
38689424
38693018
38697460
38697461
38697462
38704134
38704135
38704136
38704137
38704368
38705564
38705565
38705566
38710299
38712819
38714290
38714291
38714876
38717075
38718296
38718297
38718305
38718316
38718319
38718887
38719950
38721826
38724465
38725048
38725070
38729554
38729557
38730450
38734159
38734160
38734703
38734828
38736108
38738791
38739030
38744953
38744954
38746869
38748783
38750139
38750719
38752667
38752685
38755308
38756147
38759655
38760861
38760896
38762368
38762674
38763475
38768680
38768682
38769193
38769340
38769374
38769659
38769666
38769668
38773262
38775804
38775809
38778160
38778448
38778816
38783101
38783159
38788718
38788719
38795761
38796598
38796599
38797229
38797231
38797942
38801885
38802647
38804617
38806344
38806505
38806724
38812569
38815797
38815798
38816233
38819238
38821061
38821254
38822145
38822440
38823761
38823762
38823763
38824222
38831114
38831368
38833972
38834745
38838765
38840205
38844062
38844407
38849009
38849010
38849012
38849014
38851313
38853246
38858591
38861363
38862251
38862269
38862467
38862740
38866962
38867257
38871245
38871246
38871480
38871705
38876383
38876386
38876387
38876388
38877108
38878852
38879589
38880223
38880224
38880225
38880226
38885324
38886114
38886569
38890429
38890443
38899748
38899940
38900485
38900939
38900944
38901665
38901666
38906157
38906523
38906857
38906969
38907517
38908542
38908854
38908857
38908858
38909089
38909775
38910009
38914306
38914663
38922581
38924473
38925679
38925680
38926151
38926796
38937622
38937623
38940672
38942025
38942026
38942137
38945202
38945203
38945204
38948931
38951159
38951603
38952673
38956432
38959336
38959352
38961519
38964732
38964733
38964786
38964787
38967349
38969157
38969162
38969163
38969770
38971490
38971951
38977328
38981439
38988824
38989697
38990095
38990727
38991728
38992487
38997406
39002360
39002690
39002691
39002692
39003371
39004437
39004633
39009069
39014148
39015006
39019144
39020072
39021049
39021889
39023168
39024555
39029462
39029466
39029924
39031987
39034956
39034957
39034958
39035191
39035192
39035193
39035194
39035196
39035211
39035212
39035213
39035214
39035215
39035216
39035724
39035725
39035728
39035729
39035730
39035731
39035770
39036307
39036308
39036309
39036312
39036314
39036316
39036317
39036371
39036374
39036376
39036380
39036382
39036384
39036386
39036389
39036445
39036446
39036448
39036450
39036454
39036544
39036548
39036552
39036664
39036665
39036668
39036669
39036787
39036801
39036802
39036803
39036804
39036805
39037758
39039912
39043603
39043808
39047222
39047223
39048044
39052306
39054337
39060024
39060379
39060439
39066471
39066473
39067872
39067874
39067875
39068158
39068217
39068267
39069579
39071160
39073026
39073320
39073362
39079563
39080406
39082681
39083563
39084455
39089666
39090304
39093693
39093821
39094824
39094825
39094826
39094827
39095323
39095325
39095502
39097134
39098759
39098847
39102940
39103596
39103892
39107132
39107958
39109684
39110121
39111385
39112452
39112498
39113235
39114760
39114763
39115356
39117066
39117067
39118300
39120588
39120596
39122893
39127339
39127340
39134344
39134345
39134346
39137404
39137726
39138521
39142497
39142717
39142719
39143574
39147986
39150687
39151722
39152182
39153728
39154121
39154122
39154702
39154704
39155295
39155296
39159134
39159881
39160631
39163511
39164282
39164491
39164524
39168026
39168299
39169204
39174053
39174859
39175405
39178310
39179096
39179670
39181433
39181434
39182558
39183342
39183480
39186675
39187545
39187937
39197582
39198689
39198883
39209449
39209452
39209455
39210544
39216547
39216548
39217196
39218291
39218923
39218945
39222678
39226516
39231544
39233042
39233044
39237260
39242117
39242942
39243082
39244006
39244215
39244216
39244594
39250301
39251845
39251847
39255536
39255777
39256512
39256572
39256810
39256888
39260826
39261658
39264695
39264725
39266516
39266549
39266619
39266638
39267119
39267478
39270768
39271911
39271912
39276912
39276913
39276917
39277681
39278398
39281715
39281716
39281717
39281718
39281721
39281722
39281723
39281724
39281725
39282580
39282581
39282582
39282585
39282588
39285229
39285230
39288074
39288075
39288082
39288655
39292817
39294431
39300256
39303724
39303725
39306227
39306229
39306614
39312205
39313575
39317702
39322688
39325056
39325464
39327501
39333079
39333690
39334513
39341452
39341989
39343354
39343961
39349771
39350473
39350665
39353991
39354625
39354638
39357981
39363097
39366545
39366751
39366753
39367700
39368415
39369126
39369166
39375795
39384195
39384902
39384982
39385256
39387835
39388190
39389157
39389158
39390252
39390256
39394449
39395840
39396705
39397154
39402372
39402373
39402629
39406186
39407311
39413958
39414931
39415331
39415352
39422696
39422697
39424259
39424989
39424990
39426079
39426082
39428382
39433427
39434099
39435272
39438621
39438706
39438763
39443723
39448202
39448203
39448860
39455095
39455096
39455097
39455812
39455880
39468035
39468696
39468922
39482453
39485065
39488621
39488663
39496940
39497152
39500529
39500530
39501021
39501090
39501105
39509090
39511298
39511411
39515328
39516330
39516658
39521616
39521624
39521913
39528815
39529085
39532433
39538297
39542653
39542656
39543276
39543363
39547231
39548315
39548559
39551603
39551605
39551847
39551868
39556022
39558101
39562655
39568154
39577107
39577869
39580518
39580582
39581704
39581706
39582087
39587279
39601163
39608974
39608975
39608977
39614359
39615895
39623041
39623076
39623906
39625179
39625183
39631847
39631848
39631851
39633064
39633065
39633066
39633067
39639171
39639172
39642888
39642980
39651787
39653238
39653239
39653553
39653554
39653795
39657829
39658531
39658606
39658648
39658649
39663393
39672166
39672457
39676131
39681617
39689991
39689992
39694222
39694223
39694224
39694225
39694700
39694701
39695118
39696358
39696364
39696410
39696435
39696585
39702253
39702287
39702795
39706251
39706253
39706875
39706989
39707368
39710057
39710801
39721754
39722404
39725144
39725145
39725148
39725149
39725153
39726048
39732321
39734009
39734010
39735438
39735439
39735440
39735442
39735444
39735446
39735447
39736452
39736453
39742990
40040869
40040871
40040873
40040877
40040879
40103016
40255871
40255878
40265088
40265090
40265097
40265099
40265100
40693232
40826526
