9989830
9989836
10077227
10355753
10378792
10463578
10554016
10555751
10576656
10582679
10584881
10604730
10637480
10673743
10695998
10764144
10766170
10803461
10880763
10910036
10960771
10962567
11034072
11078913
11118037
11121864
11156384
11163105
11163115
11244504
11306505
11309278
11325856
11368433
11384108
11410322
11420710
11461073
11464282
11507041
11516096
11516105
11578811
11595132
11606366
11710830
11790455
11809528
11857021
11911971
11912137
11953893
12036938
12048160
12142083
12154056
12165857
12213287
12226758
12242662
12386821
12400017
12406549
12406553
12438229
12466969
12490306
12499249
12527888
12527901
12606945
12687023
12702580
12706871
12761495
12771922
12799630
12835721
12865919
12881706
12902989
12907627
12941809
14523474
14550954
14559839
14559841
14628075
14633739
14647409
14647434
14647439
14647451
14678992
14724574
14724576
14981537
14996718
15001985
15036646
15036664
15054446
15064734
15064751
15087379
15145523
15194212
15205331
15205355
15208676
15219946
15289347
15289360
15326476
15331176
15331178
15354212
15378025
15475940
15488638
15488641
15492285
15575081
15580286
15580304
15580306
15599381
15617838
15705867
15723723
15726104
15735033
15737693
15753363
15756260
15756270
15759035
15876485
15885894
15890232
15896456
15896457
15896469
15897898
15930289
15930317
15942635
15956972
15958559
15958572
15958573
15982806
16004933
16007132
16007168
16007174
16019127
16054293
16061626
16061667
16116475
16117829
16154686
16166286
16170347
16204032
16204035
16204057
16205695
16230424
16247458
16261160
16289313
16322230
16337337
16357165
16397260
16404364
16406327
16410037
16412561
16423998
16427186
16442708
16449971
16452185
16452216
16479254
16618734
16618754
16621244
16636672
16651454
16652158
16702944
16715131
16728984
16778197
16791270
16799646
16849541
16880791
16912181
16930823
16951145
16951175
16951194
16997457
17008870
17018592
17029774
17043650
17055640
17060930
17098359
17108127
17145878
17145894
17178864
17178885
17210684
17210712
17245342
17257744
17257745
17276590
17283140
17297456
17316978
17332340
17353088
17361224
17363571
17369855
17384685
17420721
17452974
17476279
17495969
17499430
17510383
17510419
17525738
17545592
17551499
17554377
17575154
17582679
17599053
17616691
17621272
17622239
17622250
17638876
17656012
17681423
17684492
17693016
17704801
17719173
17804728
17848950
17875712
17882284
17891174
17912240
18000500
18006814
18006838
18029087
18037230
18039557
18039558
18046450
18056442
18071305
18082938
18089813
18155831
18160212
18171600
18171602
18193088
18199534
18215458
18219290
18222036
18226855
18248784
18304729
18316618
18321637
18325661
18334282
18343026
18353539
18362936
18372911
18372912
18381448
18407408
18407409
18439752
18477501
18482796
18483270
18495333
18519688
18534744
18538471
18547714
18586385
18593942
18621475
18632607
18632616
18657356
18657898
18665192
18667267
18675506
18675507
18685609
18694621
18701211
18701475
18722051
18723275
18757416
18789574
18793823
18824293
18829573
18929442
18941464
18974109
18974110
18986759
18997815
19002187
19010591
19010888
19010891
19015640
19028417
19036501
19059705
19060920
19074891
19079341
19095349
19097688
19138817
19147565
19148141
19151765
19151769
19155302
19164435
19198626
19200647
19201083
19217708
19231067
19231068
19232821
19250738
19268439
19276347
19299075
19299076
19299077
19318556
19318568
19327883
19346066
19351818
19375219
19375852
19380190
19383920
19398263
19446954
19447545
19448674
19458067
19458628
19473757
19474801
19481338
19482420
19491260
19509237
19525977
19531652
19550420
19564073
19567671
19581046
19581936
19584297
19597469
19633686
19638590
19638978
19642997
19647933
19660860
19665289
19672268
19679391
19690145
19701247
19706767
19733963
19734942
19738041
19738058
19755996
19786319
19796867
19822391
19890377
19900757
19903581
19962232
20010941
20062074
20068185
20068565
20101225
20101231
20103646
20118984
20133051
20137856
20138424
20153924
20154717
20179204
20190813
20197464
20202740
20202744
20207071
20207475
20207476
20215516
20226083
20303650
20305690
20308311
20332243
20338684
20354188
20356671
20383199
20388776
20388790
20388792
20406978
20413215
20424617
20440264
20471161
20494511
20498642
20501839
20502455
20511184
20579804
20580989
20581871
20594639
20603618
20638779
20647320
20661220
20661221
20661249
20682794
20711237
20802518
20802524
20808312
20818420
20826050
20842113
20855150
20876809
20934246
20978196
21034513
21035945
21045147
21057540
21057542
21093146
21098710
21102581
21119603
21199804
21216092
21216524
21220185
21220187
21223579
21224345
21242962
21255411
21255913
21266352
21289131
21310528
21317933
21320746
21330050
21333438
21339737
21353741
21358675
21363921
21364588
21368091
21376459
21377266
21385899
21399664
21427358
21444677
21481527
21499297
21499310
21504839
21512140
21514720
21516121
21527554
21531764
21546570
21575156
21576001
21577206
21602894
21612861
21624769
21643006
21643017
21685935
21706045
21725352
21743497
21775056
21782322
21785459
21788101
21806788
21822311
21835542
21836606
21841824
21852035
21868760
21872388
21906874
21909138
21911457
21924825
21926961
21927025
21940749
21975933
21979877
21982683
21988803
21994334
22002304
22002310
22006998
22014408
22018986
22020335
22023829
22039037
22056881
22071224
22074856
22099875
22102692
22105365
22115967
22120066
22139084
22155346
22157808
22158051
22179828
22179829
22182451
22187341
22194465
22222214
22237628
22240014
22249261
22252117
22261332
22266186
22269942
22274409
22310285
22313545
22326863
22330136
22343321
22369928
22370639
22370644
22381696
22382891
22391558
22406827
22430208
22450749
22453125
22454286
22459351
22469978
22469983
22472879
22472882
22484470
22484497
22508480
22521544
22538975
22562464
22569057
22570426
22579805
22586064
22614009
22614011
22641217
22649212
22665267
22682059
22710437
22720236
22733136
22743617
22747680
22751117
22760167
22769020
22781398
22789435
22796607
22797058
22824796
22839530
22847611
22865457
22897949
22907428
22926524
22945654
22960273
22964637
22991305
23001043
23019226
23032719
23045286
23066038
23069657
23069661
23074285
23095835
23108404
23137165
23142218
23142282
23146904
23186833
23204228
23208495
23210562
23219899
23220285
23220286
23222716
23246964
23269272
23289374
23299534
23318200
23318446
23321514
23328582
23334332
23348697
23354589
23376640
23396361
23403077
23406679
23415737
23418321
23435376
23436800
23444257
23459296
23466643
23470470
23474751
23486687
23519742
23523871
23524583
23542177
23542179
23542180
23547873
23552401
23576552
23584473
23584484
23592755
23598278
23603434
23604115
23604117
23604121
23604637
23612120
23624302
23624912
23632474
23643941
23645533
23663822
23684551
23684552
23689140
23691438
23691440
23691441
23691442
23691452
23691454
23691455
23691457
23691458
23691459
23691463
23691467
23691468
23691483
23691485
23691488
23691489
23693078
23722468
23722539
23728337
23737488
23749639
23752185
23770846
23770850
23770857
23774064
23774400
23778521
23791878
23792224
23799852
23806079
23807164
23811287
23811941
23812424
23828241
23829943
23831570
23831571
23842425
23851494
23851505
23851509
23856247
23861470
23866964
23877317
23879965
23880825
23882422
23882423
23884910
23893241
23893243
23907433
23920126
23922106
23925045
23942078
23943801
23949154
23950210
23955083
23959855
23963137
23969730
23975422
23975435
23981581
24001612
24002609
24004697
24008664
24012639
24012641
24013223
24013226
24022193
24030073
24046294
24077282
24077286
24092860
24096482
24099913
24099915
24100610
24121831
24125860
24141783
24141785
24150221
24157810
24157827
24166501
24176823
24186202
24189459
24203894
24213574
24240686
24262659
24276240
24281002
24281003
24291668
24292672
24292682
24292684
24295734
24311645
24317511
24327016
24327017
24333735
24334138
24335924
24335925
24346284
24346287
24349833
24362529
24366911
24379988
24390737
24423919
24423925
24448360
24448365
24462824
24469053
24469061
24473397
24473398
24480987
24481400
24486218
24492480
24496459
24504366
24518603
24523441
24548868
24566388
24569474
24594999
24595000
24595006
24608427
24619076
24632613
24632619
24642622
24642627
24642628
24648344
24657657
24662827
24680709
24704828
24704830
24710410
24732044
24732595
24755887
24759738
24769443
24786789
24809779
24837367
24872388
24880081
24882581
24892648
24906624
24909160
24909173
24918821
24921909
24921917
24924774
24937675
24947042
24958470
24960404
24972892
24980553
25006537
25009754
25025927
25034398
25045844
25045845
25072260
25088197
25088203
25088576
25092897
25093489
25093496
25109451
25125656
25125657
25128071
25130172
25132264
25135223
25142796
25149064
25150782
25151965
25153350
25164008
25172416
25173582
25174404
25194504
25199762
25205103
25211657
25216671
25217527
25218344
25218345
25218351
25218593
25224571
25233396
25236911
25252916
25263439
25277524
25284586
25304368
25304380
25305447
25305450
25305452
25305454
25314054
25320014
25326491
25328135
25347745
25361894
25363669
25364581
25393367
25398438
25414595
25417726
25422913
25434796
25435812
25444895
25444901
25444908
25444921
25444927
25444928
25449427
25449438
25449774
25449775
25449780
25449787
25462858
25477070
25477253
25488908
25499080
25499081
25500540
25503559
25511737
25531324
25543086
25555669
25573345
25592041
25592042
25592151
25597410
25600646
25600649
25610713
25617801
25619829
25633840
25637791
25639872
25641338
25643696
25648584
25649767
25657110
25662441
25667121
25668010
25676690
25684142
25688736
25695484
25697482
25703327
25721085
25724625
25724678
25727320
25728673
25728677
25742485
25744720
25744721
25745993
25745994
25745995
25746000
25746002
25748386
25749421
25749422
25754817
25768400
25772237
25779673
25790908
25798840
25813403
25813405
25843291
25859409
25864589
25867061
25867064
25867271
25879549
25887760
25887995
25890221
25902914
25904638
25917566
25925741
25931210
25942394
25949918
25957890
25961913
25966845
25976768
25979231
25979232
25981169
25982206
25986744
26021873
26022250
26025329
26028030
26049022
26054847
26063074
26070964
26073077
26073087
26075750
26104663
26118776
26135896
26140236
26141861
26148231
26165234
26175927
26175928
26180082
26180925
26181258
26196185
26199092
26208907
26210254
26212015
26213369
26220863
26230956
26239199
26259513
26276718
26276722
26279301
26279303
26282786
26286454
26291058
26300492
26304716
26321052
26341687
26364607
26364613
26387538
26391645
26405574
26405597
26405607
26405609
26409566
26433159
26434591
26446715
26450912
26451302
26451317
26455318
26455324
26455327
26483203
26487961
26503334
26512878
26514126
26518146
26522259
26523671
26525579
26549025
26549029
26549033
26561538
26563758
26568302
26577809
26577810
26579227
26582655
26587313
26616859
26619403
26620707
26625006
26655273
26656954
26657153
26669864
26676758
26686088
26690544
26701804
26715448
26719542
26721204
26725323
26733151
26742010
26759235
26759236
26776160
26779377
26779444
26791237
26803055
26803058
26805764
26808577
26808578
26808579
26820227
26828135
26837767
26845447
26845448
26850373
26857262
26865454
26872725
26876203
26876207
26876208
26878386
26878391
26892465
26893478
26898756
26900950
26902422
26908325
26926424
26926787
26928313
26942056
26944315
26944318
26945966
26945969
26949052
26952810
26960975
26973243
26975630
26975631
26984756
26987623
26996299
26999718
27000664
27000992
27000993
27006177
27012186
27012187
27012864
27013198
27013199
27013200
27018308
27033455
27041581
27041584
27057439
27057451
27063096
27063099
27063964
27065318
27065326
27065335
27071307
27080302
27080303
27085461
27089143
27090738
27090786
27090891
27091400
27108064
27109100
27126360
27126361
27130664
27130666
27130667
27132506
27132512
27133822
27141337
27141355
27141406
27144063
27146823
27147598
27157611
27160647
27172250
27179930
27195913
27197202
27206848
27206850
27212034
27216177
27216981
27239961
27241665
27260871
27267806
27270422
27270423
27270424
27302166
27302170
27317648
27317874
27321179
27322737
27339327
27345740
27348267
27349166
27375022
27375023
27378242
27389056
27391574
27399334
27423313
27424288
27424523
27431311
27443606
27450326
27450327
27450454
27457538
27461581
27467956
27467961
27471616
27471622
27471651
27497248
27499138
27502167
27516205
27523281
27531854
27537390
27544906
27546621
27554639
27566398
27569654
27576197
27581375
27593923
27593933
27594673
27597739
27609066
27617577
27622027
27622036
27622040
27622053
27622076
27634758
27641329
27641336
27641337
27655410
27658462
27671677
27678372
27689744
27693460
27693557
27693633
27693634
27693636
27694898
27702660
27702662
27713084
27721018
27721020
27721403
27724883
27736841
27737703
27748371
27748766
27756569
27757296
27773927
27780824
27784747
27793695
27807502
27807508
27809873
27810403
27811851
27815035
27815389
27826041
27832972
27832973
27840089
27840243
27841865
27847302
27853635
27853640
27857131
27863523
27864346
27867015
27867016
27869168
27872089
27872097
27875523
27884159
27884160
27884166
27884201
27893713
27898661
27899378
27913196
27916606
27918553
27919788
27923823
27923832
27923917
27941887
27941930
27986464
27991916
27991929
27991933
27998759
27998760
27998761
27998762
27999743
27999745
27999760
28011320
28011625
28025100
28039161
28043912
28044245
28067907
28068319
28068320
28069798
28081541
28082404
28087599
28089831
28092676
28093286
28112720
28114283
28114286
28114995
28123872
28123892
28130223
28131903
28141796
28143526
28153790
28154776
28154777
28154778
28163188
28166197
28166201
28166202
28166203
28166825
28192212
28194038
28197363
28197365
28197389
28197391
28202507
28202509
28209205
28216372
28216373
28216375
28218735
28218904
28223168
28223169
28228105
28241849
28249897
28259820
28259822
28263966
28263980
28267710
28268166
28274891
28280038
28287611
28287613
28288133
28288140
28288656
28288874
28302680
28319060
28319061
28319066
28323030
28336327
28339588
28340100
28344874
28346420
28346425
28346429
28351615
28351890
28356122
28365400
28366557
28377178
28394339
28394340
28394344
28405506
28405515
28405520
28405526
28408353
28433598
28436990
28436991
28446464
28450159
28455241
28459460
28459467
28461244
28461245
28462918
28468915
28473531
28478181
28481869
28481872
28481877
28484077
28487383
28494471
28504721
28507788
28507796
28507798
28515123
28522751
28529067
28533311
28534508
28534512
28534516
28534518
28560070
28571042
28575485
28575494
28576749
28581513
28581524
28588321
28595260
28602974
28602977
28602978
28602979
28604762
28624623
28625976
28628113
28628119
28634044
28634045
28642170
28642171
28645561
28649002
28650465
28664914
28671676
28676064
28680743
28686226
28687354
28692032
28692034
28692037
28692048
28692053
28692056
28705773
28714949
28714959
28716524
28716525
28729048
28737756
28745315
28745317
28745318
28759040
28775166
28775168
28783167
28783177
28797844
28803992
28809863
28811960
28817833
28823959
28825720
28825722
28827373
28842285
28844709
28844713
28846110
28866094
28867247
28869606
28873085
28883004
28883005
28889000
28916653
28923397
28923398
28923399
28923857
28926527
28932630
28942013
28943452
28945217
28947137
28947139
28947141
28947421
28951460
28964785
28964787
28965855
28967900
28972072
28987385
28989054
28989055
28991234
29018577
29021135
29024810
29024813
29024939
29031565
29031586
29037867
29050982
29055017
29059152
29059156
29065111
29066512
29069576
29074425
29084594
29092949
29106392
29106393
29107102
29107103
29107104
29107108
29111349
29123261
29123267
29126912
29135973
29147576
29147601
29147602
29147624
29174803
29175457
29180469
29180678
29187406
29199004
29203250
29209566
29222038
29234151
29234630
29235568
29242604
29247824
29247827
29248713
29248714
29249820
29269867
29296528
29296544
29308304
29308305
29308321
29311157
29311158
29316944
29318404
29321163
29326439
29330146
29331416
29331417
29331421
29331423
29333281
29335012
29335519
29335521
29335523
29337108
29337110
29339211
29339538
29343848
29343850
29343851
29348462
29348488
29353883
29355657
29355659
29357914
29366803
29367650
29374064
29374065
29374066
29374067
29374558
29378238
29384527
29384529
29386185
29399387
29399411
29408653
29409495
29409810
29409989
29416940
29429992
29432845
29433585
29437707
29438989
29438990
29440144
29449692
29449693
29454093
29454095
29458143
29458145
29459645
29459713
29472529
29476791
29477380
29483096
29496539
29497124
29501702
29511350
29511351
29515234
29520102
29520103
29520106
29524556
29524558
29531269
29535419
29535422
29535424
29540402
29540668
29545602
29545967
29549164
29551772
29558951
29559743
29559745
29563608
29588350
29604392
29608986
29610526
29632708
29632717
29632718
29632729
29632731
29632736
29635069
29653269
29654155
29654889
29660380
29660381
29662192
29662196
29662832
29669758
29669759
29678550
29679612
29695832
29702191
29702193
29702194
29702196
29706652
29716633
29717200
29717263
29717264
29721392
29729901
29735544
29735547
29746928
29753758
29763634
29772266
29773903
29776962
29777785
29778566
29789419
29789714
29795405
29795406
29799025
29799987
29803789
29803790
29807112
29807114
29843746
29846705
29848341
29848346
29849122
29855616
29858603
29859299
29859875
29864454
29870774
29872147
29872564
29872572
29872581
29880482
29884889
29885520
29890208
29891507
29895969
29898759
29900041
29900044
29900066
29904067
29908210
29915022
29921949
29925861
29937544
29945959
29945962
29951339
29967262
29970904
29973687
29973688
29980787
29981431
29985480
29985481
29991801
29995871
29995872
29997231
30002156
30002443
30008386
30012671
30013189
30013190
30017966
30018046
30031117
30054562
30065049
30068940
30082686
30082910
30093560
30093629
30093632
30098163
30098399
30103775
30108202
30118839
30118840
30118842
30118844
30135190
30135194
30143522
30155344
30165191
30165192
30165194
30165197
30171052
30171053
30171135
30171257
30177838
30177839
30208943
30217218
30217564
30221043
30221056
30227221
30250021
30250300
30254146
30254209
30275562
30279243
30282671
30285868
30288343
30288353
30288357
30305727
30305728
30312725
30343112
30343113
30347283
30348808
30352261
30353165
30355620
30368528
30377563
30377567
30377569
30382189
30385854
30389703
30390072
30390075
30391781
30391782
30392786
30393159
30393586
30401677
30401678
30401711
30401889
30419349
30429106
30439541
30442980
30459152
30459304
30464168
30467379
30472184
30472185
30472186
30478449
30498084
30502359
30503551
30503554
30524878
30529155
30530815
30540926
30542120
30546089
30546945
30546957
30546959
30547809
30555158
30563888
30563889
30563983
30573520
30573782
30574431
30575821
30583070
30583073
30590102
30617306
30631055
30642372
30642373
30643194
30647455
30651599
30659020
30660646
30673592
30674532
30677447
30683884
30683932
30684592
30685412
30690057
30692637
30692639
30696954
30696957
30713783
30713796
30718359
30733193
30736840
30737232
30742066
30742067
30742941
30742942
30745575
30753603
30753838
30755403
30760518
30766750
30766752
30766754
30766756
30770901
30771428
30771435
30772441
30777106
30779944
30786995
30789662
30790682
30790684
30795783
30796352
30804456
30804458
30808369
30808413
30808674
30808864
30808873
30816344
30816954
30832689
30832692
30842092
30842103
30842588
30849480
30851421
30858153
30858544
30858545
30862487
30862720
30872078
30872583
30878526
30885276
30890754
30891326
30904618
30905812
30905814
30906667
30910586
30910592
30914411
30917918
30918001
30928379
30928380
30928385
30936423
30940661
30944026
30953029
30954649
30967627
30967633
30971294
30975694
30978441
30978443
30980866
30980867
30981757
30981761
30988394
31004700
31004702
31018151
31023384
31053633
31055110
31059752
31069140
31069158
31076568
31078732
31078735
31086727
31097476
31101762
31101763
31113805
31113806
31119045
31119047
31119049
31119050
31119052
31119057
31119060
31125641
31142514
31143524
31163195
31173852
31173854
31173855
31176743
31186039
31186231
31199988
31207319
31207322
31209059
31226409
31233836
31235785
31239268
31247272
31247273
31249383
31253668
31253867
31255724
31273338
31278950
31285549
31289134
31289136
31292160
31300052
31301319
31308046
31311811
31316145
31319137
31320708
31331909
31332286
31332287
31337439
31340867
31349879
31358902
31371779
31387639
31387897
31387898
31391096
31391552
31391553
31394122
31395078
31395608
31404611
31406244
31406252
31409774
31409901
31409905
31412934
31413919
31417183
31417184
31420533
31420604
31427735
31435020
31439546
31444414
31461670
31462297
31462302
31462705
31462708
31471584
31477834
31477836
31479691
31491449
31499120
31504797
31511035
31511064
31516750
31516751
31516755
31516756
31518603
31521694
31527689
31530567
31530934
31542354
31546024
31548613
31562393
31565477
31565484
31565488
31565489
31576013
31576015
31588122
31591469
31591477
31591480
31591481
31593800
31597912
31605013
31605014
31605775
31610265
31610266
31615816
31623662
31624373
31624374
31629930
31629931
31629934
31629935
31634528
31640759
31641208
31644929
31645542
31646071
31646073
31646096
31646099
31649319
31659258
31666238
31666682
31669202
31673069
31678168
31685806
31690832
31694698
31695026
31695151
31703598
31705065
31705927
31705928
31705929
31722750
31729527
31730902
31730904
31732653
31733286
31734354
31740732
31740785
31744509
31748715
31765737
31765738
31768346
31771616
31771969
31771985
31775862
31779710
31783776
31784868
31787749
31801973
31809800
31811271
31811272
31811906
31811908
31811909
31815186
31818312
31819169
31819178
31822496
31822653
31822656
31823802
31827238
31830559
31831834
31837443
31838083
31843555
31848193
31848194
31848446
31857155
31857720
31866467
31874856
31874857
31875526
31904482
31904486
31907001
31908884
31908886
31908890
31908891
31908892
31911552
31913260
31915364
31919406
31931029
31931030
31938901
31948451
31958485
31959200
31959726
31959898
31974474
31993801
31996785
32001818
32001831
32004572
32005272
32005973
32005977
32006200
32006618
32014456
32014458
32015321
32024555
32025991
32029898
32029901
32034306
32034309
32037496
32042474
32051553
32054827
32056048
32060148
32060258
32060421
32061752
32061950
32061952
32071289
32075801
32082573
32082574
32098780
32098781
32103167
32108166
32111602
32111984
32120024
32120026
32122992
32123162
32127356
32142918
32144235
32152220
32152465
32156778
32156780
32156781
32157097
32157214
32160976
32169868
32171858
32179631
32184145
32200035
32203147
32203162
32203166
32205862
32205869
32217695
32217697
32217761
32219176
32225170
32231272
32242147
32245502
32246150
32251364
32253246
32268165
32268166
32278016
32284541
32291386
32291411
32296580
32296582
32296586
32296587
32296590
32299915
32300050
32305558
32312833
32313718
32313725
32313731
32332856
32336754
32341037
32350000
32350243
32354736
32361710
32363119
32363125
32367071
32368343
32371459
32371475
32372027
32372060
32372061
32376724
32390009
32391193
32398735
32398865
32398867
32399431
32404918
32404984
32415061
32417396
32426177
32428663
32435498
32439420
32448804
32457124
32461345
32467600
32483111
32483207
32488136
32492707
32499521
32503584
32507856
32508007
32508015
32508020
32508027
32508032
32508033
32508036
32508039
32508049
32508052
32508053
32514152
32522278
32523801
32526082
32540859
32544514
32546724
32550270
32552847
32552902
32554611
32554616
32564521
32572172
32581055
32585412
32585413
32587398
32587774
32587776
32587779
32587781
32587782
32587783
32590022
32591411
32592729
32594100
32606053
32606358
32607238
32616055
32616889
32628818
32632106
32632113
32632220
32634272
32647635
32651256
32659053
32661094
32661251
32661324
32663285
32669292
32680921
32690044
32690665
32695399
32704133
32711096
32712628
32719094
32719439
32719549
32722861
32724161
32724162
32728095
32730778
32730779
32733069
32737433
32753468
32753650
32753651
32758616
32770142
32775040
32778769
32778818
32788173
32792358
32792359
32792499
32798587
32801345
32802960
32813021
32814086
32814829
32814835
32817792
32820252
32821804
32829005
32829007
32829008
32830120
32839439
32847938
32855157
32855524
32855525
32858102
32860848
32860849
32860853
32861708
32863271
32866608
32879443
32879444
32891712
32895296
32896617
32898324
32898328
32898333
32898339
32898601
32901105
32905814
32907841
32917658
32917955
32920199
32920200
32923114
32923129
32923133
32923138
32923150
32923162
32923685
32926734
32931885
32931886
32933967
32934314
32934344
32938627
32939321
32939323
32939327
32939328
32941949
32943729
32943751
32944399
32944401
32944403
32944406
32946963
32946964
32948650
32949680
32958683
32963350
32964128
32973332
32977829
32978226
32978516
32978517
32978519
32987139
32989256
32999272
32999755
32999867
33010383
33024272
33028694
33028695
33037113
33037410
33037411
33039559
33039561
33040081
33046796
33051252
33051597
33051598
33060856
33067266
33070167
33082168
33082557
33091534
33097858
33099584
33106387
33110233
33110706
33115941
33115945
33116119
33117604
33122398
33122847
33129956
33129959
33130316
33132120
33135336
33135339
33135346
33135348
33135350
33135357
33138852
33140095
33144099
33145402
33145436
33150044
33158815
33158915
33160389
33168645
33168810
33168819
33168950
33172881
33177108
33178496
33184472
33186656
33194320
33203663
33203703
33213490
33214228
33219317
33220333
33229341
33230243
33235820
33239676
33239678
33239755
33246092
33249476
33250513
33252851
33252856
33252861
33262463
33262528
33273725
33277463
33278498
33279622
33287873
33292688
33293694
33299118
33299121
33299645
33299646
33299648
33299650
33303576
33303577
33309856
33309857
33310726
33312758
33323378
33323464
33323966
33325513
33335279
33340617
33352248
33354409
33355239
33359451
33361392
33361394
33377634
33377642
33377659
33383154
33388371
33402387
33402390
33402674
33413510
33414262
33419772
33419773
33419984
33420361
33420362
33420372
33420374
33423038
33429004
33431797
33431808
33436487
33444692
33446239
33452453
33452458
33452459
33452462
33457101
33457103
33463049
33463050
33472669
33473168
33476649
33483600
33504576
33508734
33514366
33516217
33526036
33531626
33531691
33537172
33537173
33546774
33549114
33549147
33557839
33557848
33563773
33564066
33564067
33564072
33564074
33579281
33579282
33579737
33579899
33580130
33588834
33588847
33589518
33593338
33593340
33593355
33593829
33597040
33602210
33602225
33602229
33602230
33602233
33602787
33603165
33608256
33619115
33622411
33627127
33628586
33628588
33628590
33628591
33628593
33628594
33628597
33628600
33628601
33632198
33632212
33632213
33632229
33634965
33634982
33634993
33637599
33639203
33649532
33649536
33653340
33653351
33654083
33654196
33654199
33658048
33663502
33663509
33663520
33663535
33674746
33675985
33685449
33686238
33686242
33691685
33692217
33692219
33705863
33710807
33710810
33710811
33710812
33710816
33710818
33710819
33712015
33712026
33712705
33713738
33714984
33714986
33716296
33722306
33724741
33726754
33726765
33726770
33727227
33731705
33733647
33741027
33742120
33742121
33742125
33743822
33750895
33755379
33757492
33763295
33764710
33766752
33767438
33772032
33780892
33782099
33782545
33783985
33783990
33784000
33784003
33784010
33784016
33794884
33795252
33795385
33796401
33796414
33819529
33824464
33824475
33824478
33830713
33836250
33846569
33846573
33849617
33854822
33856140
33858418
33858426
33858449
33858847
33859372
33862150
33863325
33865370
33865377
33868792
33872694
33875483
33875786
33879126
33879154
33883257
33888868
33889438
33892452
33893728
33893730
33894331
33902589
33902604
33903120
33911205
33926554
33931967
33931972
33931981
33933553
33941610
33941853
33941854
33947957
33948392
33953345
33957185
33960176
33960177
33960179
33963274
33964350
33971282
33971970
33972684
33975879
33975883
33977090
33984420
33985974
33991616
34000344
34001194
34002584
34006632
34006924
34007044
34010715
34015398
34016944
34017077
34018388
34019961
34021538
34026335
34047469
34047470
34047479
34049973
34050266
34052325
34052328
34052330
34062216
34079012
34079082
34079084
34079086
34079090
34083420
34086429
34088989
34089808
34098062
34104539
34104546
34106558
34108603
34108621
34112247
34112250
34117085
34117115
34117262
34126192
34126196
34127545
34127813
34130988
34131019
34132505
34139284
34140641
34145399
34155343
34155344
34155345
34160167
34161791
34162680
34162832
34163029
34163030
34163031
34166767
34172932
34174070
34175886
34185412
34185414
34185421
34185423
34185427
34185428
34185429
34188196
34188250
34211089
34221700
34221701
34226281
34229059
34230112
34234148
34235004
34237408
34239776
34244300
34244488
34246306
34249476
34252487
34253636
34256094
34265397
34265399
34266895
34271102
34271104
34272387
34272474
34274452
34274945
34274947
34282274
34285037
34290048
34290402
34294681
34294845
34301762
34302921
34303763
34303930
34311033
34312488
34316020
34321238
34321242
34321275
34321603
34321604
34323404
34323412
34323415
34323425
34324862
34326167
34326168
34331014
34331023
34343634
34343636
34345012
34345013
34345014
34345532
34345533
34348188
34348759
34349242
34350059
34350060
34362797
34362829
34363021
34363022
34371129
34373258
34373586
34377590
34378880
34381181
34385181
34385182
34389432
34389559
34390764
34391477
34391809
34392305
34403221
34408922
34408924
34413167
34413457
34414118
34414120
34414121
34416471
34417225
34419497
34419500
34425185
34428517
34433910
34434610
34446576
34452929
34459125
34459127
34459128
34459131
34459571
34461179
34462326
34479923
34481330
34481935
34488814
34489549
34489551
34491007
34492331
34495597
34506845
34508066
34508169
34509534
34513318
34520818
34520821
34527431
34530049
34535770
34536555
34536556
34546668
34548385
34551961
34560229
34562519
34562520
34570444
34571081
34580061
34582975
34582976
34586722
34586739
34586741
34586759
34591413
34591414
34593522
34595061
34597712
34599021
34601021
34606182
34608265
34611125
34611310
34615704
34615706
34615995
34615997
34615998
34616588
34623790
34626692
34627333
34627950
34627951
34634383
34637843
34642245
34642309
34645607
34645979
34648881
34650031
34650217
34652890
34653800
34654723
34655293
34657129
34666996
34667077
34670781
34671086
34671128
34676149
34676150
34678434
34687791
34688842
34697289
34709739
34709743
34709763
34711611
34712513
34715250
34715254
34715882
34718347
34718356
34721946
34725214
34725461
34725462
34728310
34736960
34743750
34745769
34750245
34750518
34752845
34753771
34754080
34759344
34759347
34762994
34767927
34773075
34777920
34781990
34782718
34782720
34789552
34795388
34801597
34804639
34809683
34810200
34817950
34824449
34839353
34841662
34841685
34841695
34841698
34841706
34841735
34842356
34845376
34845378
34846107
34846109
34853466
34858728
34862361
34863886
34873013
34887263
34893642
34896211
34898034
34902522
34905060
34916222
34918118
34920021
34922300
34931765
34932801
34934050
34936736
34942306
34950183
34952931
34953403
34959168
34965023
34965935
34965937
34969774
34974132
34974521
34979164
34979165
34979166
34987057
34990752
34996812
34997215
34997217
34999169
35003899
35007697
35013318
35014769
35014770
35017665
35022193
35022212
35022213
35024247
35027673
35032557
35033590
35034955
35036076
35036077
35039625
35045987
35051533
35051534
35058327
35060345
35061934
35061935
35074497
35075806
35075807
35082383
35083874
35086948
35090076
35090098
35090965
35091683
35091695
35093426
35094011
35096485
35096486
35101541
35101940
35101946
35102250
35110680
35110726
35114328
35121645
35121646
35121991
35122000
35122005
35122027
35122041
35131382
35131384
35132181
35136208
35140331
35145233
35145234
35149175
35149589
35149838
35150809
35152263
35152264
35154904
35157971
35165401
35170879
35173309
35176127
35176418
35176420
35177812
35179324
35181784
35184390
35184394
35184398
35184420
35188360
35193930
35194190
35194191
35197128
35217793
35219772
35220675
35228530
35228544
35236741
35240233
35240234
35241494
35247889
35255118
35256517
35256780
35256782
35256783
35273154
35273829
35277197
35277458
35278611
35278612
35279704
35287752
35288241
35288463
35303900
35304257
35304258
35305401
35306105
35307486
35309732
35313945
35314791
35317863
35318258
35318442
35332266
35332268
35338085
35346207
35347223
35351996
35351997
35355679
35361730
35364609
35367518
35379924
35383116
35388140
35388171
35389552
35392906
35393542
35395674
35396498
35404393
35410218
35410346
35411035
35415876
35418575
35422475
35437307
35440048
35444287
35447281
35449308
35449309
35452181
35459206
35459265
35459780
35461277
35461328
35468812
35468938
35472437
35473935
35474446
35476700
35477750
35484216
35486454
35487311
35487890
35488312
35490917
35490918
35501390
35501461
35501863
35502544
35505093
35505384
35507004
35508543
35522895
35522902
35522942
35522945
35522946
35523436
35523946
35524253
35526007
35526650
35533952
35536873
35543554
35551503
35562407
35568738
35577506
35577905
35578338
35580259
35580929
35581670
35589951
35590336
35594995
35597479
35604302
35606353
35608199
35609735
35613826
35618286
35618790
35623659
35624145
35624462
35637411
35641480
35641819
35644286
35648393
35659036
35661819
35662282
35667514
35668172
35672796
35688553
35688556
35688558
35692096
35696531
35697802
35700820
35701534
35705314
35707221
35710093
35712121
35715638
35723276
35725908
35728870
35735103
35738798
35739335
35750693
35756844
35764266
35764885
35767703
35767704
35768165
35773411
35773412
35780125
35780181
35780928
35789070
35792620
35793867
35800155
35800156
35802820
35804015
35817479
35819135
35821281
35834269
35836291
35839920
35841593
35853232
35853885
35854065
35857807
35858925
35863823
35863988
35864538
35868534
35869392
35876041
35882980
35882981
35895805
35897085
35906391
35906392
35906676
35907904
35915262
35917972
35917973
35921973
35926817
35926819
35927248
35930727
35941115
35941174
35944750
35945453
35949294
35960210
35961511
35961512
35962059
35964817
35969010
35969151
35970822
35971159
35972052
35974143
35974419
35978332
35978603
35979619
35979621
35979628
35979854
35980315
35981569
35981570
35981571
35982471
35986089
35987795
35988817
35998796
35999267
36002188
36002750
36030331
36031658
36041072
36043912
36047776
36048182
36050449
36064433
36064578
36068586
36075487
36082692
36085418
36088509
36089117
36089118
36092638
36095221
36096526
36096527
36096529
36097193
36098964
36102722
36102738
36104100
36109490
36109630
36112698
36116131
36116741
36122629
36122630
36123526
36126994
36127351
36148322
36151140
36158588
36162713
36163632
36169095
36172793
36192478
36193649
36197797
36198437
36202915
36206575
36206576
36207607
36209176
36209257
36209974
36214649
36216804
36216883
36224330
36229578
36243813
36245214
36245253
36245289
36249275
36253000
36253524
36253799
36253833
36265009
36265652
36265653
36266324
36268178
36271413
36272615
36273042
36279981
36305631
36307150
36307151
36309503
36314067
36316443
36319063
36323880
36335262
36336148
36347964
36348011
36348379
36348389
36348434
36350006
36352191
36357572
36369474
36371565
36376513
36396820
36396821
36400312
36402931
36418376
36418470
36418471
36434634
36436682
36442353
36442772
36442773
36446891
36455758
36460336
36470544
36471481
36476328
36480196
36482189
36482201
36484700
36493900
36496451
36504325
36512628
36517590
36521929
36522479
36524206
36525473
36526675
36526676
36528750
36543373
36543379
36543880
36562654
36565920
36567344
36572949
36574880
36593066
36596591
36597139
36598364
36599915
36600320
36600554
36600555
36600662
36603133
36604567
36607615
36607699
36608865
36611218
36617263
36631635
36632564
36633583
36634204
36634207
36635499
36639831
36639835
36646410
36646808
36647790
36649564
36650023
36650118
36650558
36657812
36681817
36689620
36691065
36693125
36694213
36696363
36700864
36703078
36707875
36715635
36717926
36720496
36725083
36725886
36725890
36732658
36732659
36736531
36745032
36747292
36759571
36759818
36759846
36774506
36788565
36792369
36792757
36793075
36796670
36803645
36805460
36806557
36806887
36807336
36811957
36812256
36813307
36813648
36813649
36823376
36828869
36841416
36841821
36848524
36849198
36849200
36849955
36855778
36855781
36855786
36858460
36858461
36861435
36861439
36861447
36864055
36864711
36869126
36871813
36881611
36882522
36882524
36882855
36892426
36898011
36898427
36899424
36906594
36907503
36918219
36918934
36921097
36922675
36922676
36927529
36927978
36928361
36928362
36932115
36933779
36934350
36939377
36939378
36939388
36948240
36958694
36963460
36965539
36966236
36967563
36971107
36977688
36978140
36990974
36996321
36997107
36997676
36997719
37011953
37012388
37016102
37020035
37020036
37023939
37029300
37030635
37038184
37054944
37058118
37061723
37072347
37072348
37072437
37076248
37076564
37078777
37080999
37086953
37094986
37095094
37095120
37095586
37100920
37103476
37105392
37127775
37130916
37137998
37138326
37138336
37138354
37144559
37145144
37149018
37150500
37151195
37156839
37158938
37159932
37164450
37172314
37178668
37179440
37184030
37185233
37185457
37186134
37192729
37195082
37196909
37197441
37198173
37203239
37205633
37217070
37221223
37221625
37227919
37228185
37231145
37244923
37249584
37258524
37258600
37261085
37268280
37274296
37277019
37280112
37280656
37283490
37296463
37302564
37311811
37313656
37316264
37316891
37326467
37326474
37327699
37336961
37344099
37349124
37349127
37349645
37349991
37350664
37352379
37353616
37353681
37353805
37354982
37354983
37355711
37358260
37364934
37364935
37369391
37369845
37379245
37380368
37381714
37385725
37386055
37386139
37391593
37393343
37400529
37402867
37407566
37417294
37420030
37422706
37423558
37433041
37438419
37463119
37467346
37468393
37475048
37477089
37478294
37486241
37488416
37488671
37491740
37500797
37506192
37524506
37528490
37535377
37537343
37540804
37542107
37556508
37558084
37565737
37567953
37567973
37573407
37573425
37586075
37586774
37591356
37591632
37596320
37596321
37596322
37597651
37597850
37597851
37601982
37602818
37602831
37604643
37608097
37610617
37612524
37615958
37616578
37620295
37620450
37634009
37644505
37645216
37648148
37649137
37652576
37653114
37653115
37658192
37658588
37660406
37660885
37668527
37669142
37676279
37678921
37679762
37684408
37689827
37696887
37700495
37709296
37712124
37712139
37715025
37717087
37717099
37730276
37731205
37739440
37740473
37741431
37741433
37743632
37749229
37752233
37752791
37756562
37756564
37756570
37757903
37767065
37768887
37769796
37769797
37771187
37774827
37775523
37777797
37778683
37783391
37783676
37783786
37784253
37791232
37794134
37794517
37805162
37805163
37805663
37820992
37824278
37827326
37827948
37832781
37837399
37838281
37844756
37844994
37846441
37847894
37848634
37849962
37852428
37853162
37857527
37862593
37863352
37864031
37864033
37864041
37866544
37866545
37872214
37876834
37879429
37884420
37898358
37903896
37914019
37914384
37914722
37930937
37935567
37935976
37944578
37946295
37950038
37950040
37956404
37956411
37957150
37957322
37963197
37963207
37965796
37972702
37973952
37983928
37983931
37984724
37989866
37991737
37993084
37993085
37996894
38007237
38007240
38008394
38008395
38013049
38016720
38029538
38029830
38030304
38036040
38037159
38037549
38038966
38040417
38040817
38048841
38050190
38052369
38056687
38056897
38056898
38069906
38070488
38070822
38081505
38081998
38082402
38082439
38084701
38091354
38092960
38095539
38097132
38097135
38097551
38101607
38101610
38102338
38110665
38115703
38117512
38123820
38135712
38145655
38148114
38148640
38148658
38158714
38159835
38164720
38168654
38168934
38169917
38172534
38177661
38182686
38182895
38190710
38190716
38191478
38191673
38193640
38195819
38195889
38199610
38200104
38211651
38211653
38212482
38214432
38216672
38216673
38218456
38218898
38224863
38225339
38225404
38231480
38231484
38232812
38233100
38237887
38239077
38241695
38242196
38243080
38245662
38246220
38246224
38253219
38253702
38254216
38262706
38263314
38264343
38266804
38266805
38266806
38268050
38272564
38272870
38273343
38278469
38278470
38279869
38279874
38280478
38280480
38280882
38280941
38285005
38287113
38290657
38290767
38291304
38291499
38291516
38297019
38297082
38301909
38302415
38302417
38307410
38309617
38315776
38316768
38317006
38318637
38321112
38326409
38331089
38332180
38335276
38336287
38336288
38341127
38341511
38342234
38344450
38350547
38351345
38355839
38360140
38361047
38364963
38369001
38369005
38372422
38372449
38372484
38378844
38381538
38382068
38387756
38388466
38388726
38390756
38402237
38403109
38408602
38408604
38409471
38409551
38413598
38416702
38417135
38417136
38418543
38418544
38419758
38419759
38423246
38424136
38424363
38424455
38426403
38428724
38430549
38431034
38431036
38431733
38432582
38443094
38443680
38445456
38448521
38453045
38454166
38458640
38459120
38459187
38462032
38462037
38467179
38467180
38467181
38468359
38468490
38471082
38471085
38471646
38471712
38472210
38479553
38481347
38481388
38484085
38486485
38490327
38490328
38499264
38507720
38509842
38514855
38519580
38519641
38521199
38531664
38533646
38537773
38537775
38538739
38548216
38553589
38556105
38556106
38561434
38561505
38565942
38565944
38570084
38572589
38572963
38574881
38575732
38580333
38582394
38582395
38583649
38589249
38589675
38593213
38593920
38601319
38604312
38604814
38605214
38605247
38605478
38609499
38613910
38614385
38615929
38615930
38616702
38621457
38621459
38630891
38631712
38635900
38636894
38637902
38640466
38641310
38643837
38649438
38654107
38654108
38654109
38657100
38657117
38657120
38659649
38670306
38671157
38679407
38679408
38685450
38685451
38697461
38697462
38704134
38704135
38704368
38705564
38712819
38718296
38718305
38718319
38718887
38724465
38725048
38725070
38729554
38729557
38730450
38734159
38734160
38734828
38736108
38739030
38744953
38744954
38748783
38750139
38750719
38752667
38752685
38755308
38756147
38760861
38760896
38763475
38768682
38769193
38769340
38769659
38769666
38769668
38778816
38783101
38783159
38795761
38796598
38796599
38797229
38797942
38804617
38806344
38806505
38806724
38812569
38815797
38815798
38816233
38822145
38822440
38824222
38831368
38833972
38838765
38849009
38849012
38849014
38851313
38858591
38862251
38862467
38871245
38871246
38871480
38871705
38876388
38878852
38880223
38880224
38880225
38880226
38885324
38886114
38890429
38899748
38900485
38900944
38901665
38906523
38906969
38907517
38908542
38908857
38909089
38909775
38910009
38914306
38914663
38922581
38924473
38925680
38937622
38940672
38945204
38952673
38956432
38959352
38964732
38964786
38964787
38967349
38969157
38969162
38969163
38971490
38988824
38990727
38991728
39002690
39002691
39002692
39003371
39004437
39004633
39009069
39015006
39019144
39020072
39021049
39029924
39034956
39034958
39035191
39035192
39035193
39035211
39035212
39035213
39035214
39035215
39035216
39035725
39035728
39035729
39035731
39036307
39036308
39036312
39036314
39036371
39036374
39036376
39036382
39036384
39036386
39036389
39036445
39036448
39036450
39036552
39036664
39036668
39036669
39036801
39036802
39036803
39036804
39037758
39039912
39043808
39047222
39048044
39052306
39054337
39060024
39066473
39067872
39067874
39068158
39068267
39069579
39073026
39080406
39082681
39083563
39084455
39089666
39093693
39093821
39094824
39094825
39094826
39094827
39095325
39097134
39098759
39098847
39103892
39107958
39109684
39110121
39111385
39112498
39113235
39114760
39114763
39115356
39117067
39120588
39122893
39127339
39127340
39134344
39134345
39134346
39137404
39138521
39142497
39142717
39142719
39143574
39147986
39150687
39151722
39153728
39154121
39154122
39154702
39155295
39155296
39159134
39159881
39163511
39164282
39164491
39168026
39168299
39174053
39174859
39175405
39178310
39179096
39181433
39181434
39182558
39183342
39186675
39197582
39209449
39209452
39209455
39216547
39218291
39218945
39222678
39226516
39231544
39233044
39242117
39243082
39244006
39244215
39244216
39244594
39251847
39256512
39256572
39256810
39256888
39260826
39261658
39264695
39266516
39266619
39266638
39267119
39267478
39270768
39271912
39276912
39276917
39277681
39278398
39281715
39281716
39281718
39281722
39281723
39281724
39281725
39282580
39282581
39282585
39285230
39288074
39288655
39292817
39294431
39306229
39313575
39322688
39325056
39333079
39333690
39341452
39341989
39349771
39350473
39350665
39363097
39366545
39366751
39366753
39369166
39375795
39384195
39384902
39385256
39387835
39388190
39389157
39390252
39390256
39394449
39395840
39397154
39402372
39402373
39402629
39413958
39414931
39415331
39422696
39422697
39428382
39434099
39435272
39438621
39443723
39448203
39455095
39455096
39485065
39488621
39497152
39501090
39501105
39511298
39516330
39516658
39521913
39532433
39538297
39542653
39542656
39543276
39548559
39551605
39551868
39558101
39577107
39577869
39581704
39581706
39608974
39608975
39608977
39623906
39625183
39631847
39633064
39633065
39633067
39639171
39642980
39651787
39653238
39653239
39653554
39658531
39658606
39658649
39676131
39689991
39694222
39694223
39694224
39694225
39695118
39696410
39696435
39702287
39706251
39706253
39706989
39707368
39710057
39721754
39722404
39725148
39725149
39732321
39734010
39735438
39735440
39735442
39735444
39735446
39736452
40040869
40040871
40040873
40040877
40040879
40103016
40255878
40265088
40265090
40265097
40265099
