22159816
22246103
22311263
22523546
22533346
22977600
23053650
23129237
23170140
23244119
23251262
23251295
23420294
23420667
23425971
23446431
23479167
23545899
23562851
23599740
23637748
23737876
23776453
23806081
23880861
23886177
23970099
24008630
24083596
24098538
24100543
24103700
24130168
24137381
24143859
24185687
24223656
24243432
24270883
24305689
24305877
24331293
24337067
24343340
24368600
24420924
24462859
24481854
24549815
24573110
24582746
24623314
24632577
24648977
24655544
24675898
24676882
24718782
24737483
24762226
24768205
24787958
24789502
24793809
24863942
24884417
24885564
24885626
24886245
24886657
24889938
24912447
24913034
24931370
24952889
24996221
25013436
25025684
25081022
25150783
25174621
25176394
25193015
25198659
25198665
25198789
25209179
25226601
25231838
25242535
25246801
25280519
25296730
25298747
25337221
25348135
25355053
25403884
25410592
25413624
25433493
25450384
25471786
25472588
25472877
25520877
25524805
25527205
25539072
25550789
25569100
25574238
25578779
25579167
25595906
25621839
25628922
25634213
25644501
25654811
25663918
25666090
25667613
25672607
25706399
25706919
25735390
25738567
25755745
25778452
25780292
25790118
25793370
25811031
25814384
25818666
25843803
25851347
25856714
25872785
25874772
25877751
25880599
25884904
25888627
25888635
25889078
25890121
25891943
25893833
25895125
25895660
25909289
25936342
25955305
25960216
25961751
25965823
25973027
25975345
25997819
26002575
26004521
26044952
26045065
26045752
26045820
26048406
26058485
26064881
26078947
26081986
26088446
26102366
26104682
26125902
26133092
26149653
26151573
26176849
26182878
26191127
26191143
26198430
26209720
26211593
26214431
26214494
26219893
26220626
26238992
26239324
26247633
26252944
26253106
26258986
26261482
26265437
26291312
26299768
26299803
26308070
26308071
26308072
26317546
26319109
26328527
26351208
26352673
26376998
26382657
26392108
26408176
26408181
26409449
26416454
26452129
26452542
26458285
26459833
26463994
26467022
26476533
26482618
26499919
26503415
26505174
26506595
26514226
26521947
26537082
26537084
26542173
26544623
26561204
26617713
26617733
26617742
26617792
26622524
26622855
26628301
26646797
26647768
26648539
26662306
26662405
26681023
26707908
26715270
26722455
26729612
26733179
26734992
26743900
26750490
26758762
26768615
26771237
26779630
26780942
26782479
26795301
26797719
26801671
26812694
26820128
26821251
26824421
26840020
26846256
26846382
26846469
26852230
26854445
26854457
26858085
26870229
26898939
26909550
26934315
26934953
26935528
26966354
26986949
26998150
27010858
27023910
27051014
27053346
27061547
27069535
27071318
27081789
27082540
27092877
27103834
27108650
27121317
27145462
27154193
27166997
27173188
27173190
27173339
27177091
27177590
27185265
27186273
27186274
27186275
27188433
27193084
27193094
27220903
27222242
27222381
27223089
27223438
27225290
27230656
27240802
27246838
27261580
27270326
27277534
27286457
27306418
27314680
27323022
27323070
27323092
27323827
27347107
27347205
27347323
27366090
27376958
27382302
27383537
27385097
27391479
27398144
27398145
27398154
27409174
27411490
27429979
27430345
27430936
27431502
27449099
27462139
27465551
27476167
27485527
27494878
27498600
27501502
27507052
27508021
27513473
27533779
27542260
27553367
27556517
27569083
27573550
27578985
27580131
27588402
27601921
27602960
27617961
27621042
27628214
27631965
27633396
27648141
27651311
27662380
27677076
27685910
27688736
27690221
27696291
27704356
27712588
27712592
27712596
27725860
27743351
27748823
27752108
27757042
27765907
27779659
27781416
27806326
27829229
27835599
27837623
27855700
27878953
27883251
27893429
27895492
27895497
27900047
27900564
27904698
27920552
27922690
27938503
27942213
27965982
27983539
27983933
27992374
27996156
28000880
28042505
28042506
28042507
28051999
28059051
28063065
28069878
28078018
28081742
28081743
28084395
28099945
28117027
28117029
28123642
28123847
28129650
28132399
28147312
28165561
28178620
28186994
28187000
28188432
28189066
28202053
28209128
28212533
28212562
28214867
28219779
28223826
28244848
28246931
28257633
28260020
28270228
28276319
28277189
28280352
28281966
28281967
28281973
28292022
28292024
28332309
28336765
28337275
28338172
28339081
28341836
28343069
28352351
28365941
28365943
28367064
28388562
28388584
28388883
28393232
28393235
28401000
28409552
28415380
28418864
28423619
28425477
28427191
28429358
28429395
28430582
28442921
28445968
28448787
28459209
28463794
28466787
28470146
28482289
28485721
28492542
28496199
28498402
28498468
28506595
28506766
28507277
28522860
28532126
28534371
28534937
28534950
28534966
28537902
28545023
28550287
28550682
28550683
28559994
28560060
28560065
28560386
28565808
28565873
28569392
28573504
28578351
28585698
28587387
28587420
28601389
28604772
28609841
28618251
28624794
28624824
28627030
28631572
28635401
28636115
28641487
28643947
28651608
28653604
28656235
28656258
28656277
28656882
28657147
28673012
28677763
28682874
28694763
28697409
28701685
28713950
28713954
28713997
28714005
28715819
28718372
28730785
28743911
28765960
28770968
28776680
28780773
28781653
28789462
28791407
28799566
28800792
28804566
28810242
28810582
28810639
28813705
28824453
28837878
28846080
28849033
28849046
28849106
28861150
28869833
28881770
28884839
28887636
28901408
28901478
28901510
28915582
28918030
28921827
28923830
28928822
28936800
28938633
28940804
28941302
28941461
28943960
28943961
28944863
28950928
28961027
28962076
28977849
28977878
28978107
28979804
28980703
28990072
29019371
29025258
29028095
29029415
29029428
29035831
29039517
29041990
29042141
29042998
29047214
29048626
29050263
29050317
29063978
29069778
29071589
29080835
29081409
29091858
29095823
29113236
29113342
29115419
29115446
29115486
29115509
29115593
29130111
29130516
29130967
29131381
29137308
29137332
29140788
29145165
29152116
29152659
29162158
29179483
29190901
29192321
29196103
29201237
29203385
29207105
29207128
29207180
29207663
29207671
29212203
29212249
29214989
29217166
29228425
29228608
29228621
29228867
29236320
29236322
29241219
29245984
29247526
29250187
29251322
29254142
29254193
29257212
29257320
29257334
29257342
29257348
29271988
29282102
29285013
29285059
29285179
29286172
29287201
29291370
29295725
29308053
29310680
29316313
29316373
29321086
29321092
29324315
29328404
29328417
29332333
29332340
29332344
29332352
29332353
29332356
29332449
29339925
29344185
29348843
29349903
29350680
29364477
29374140
29393438
29399147
29403292
29416757
29424918
29426357
29427661
29431269
29433670
29434721
29434766
29434913
29436693
29439314
29441861
29441863
29441870
29441885
29441937
29441939
29441994
29444743
29448246
29452167
29455183
29461589
29471887
29471889
29471890
29471892
29488611
29495974
29500870
29502343
29509240
29510776
29512737
29516682
29523224
29530052
29530788
29535266
29541230
29544563
29552140
29552212
29552227
29552287
29552759
29552769
29552771
29552784
29552785
29552787
29552788
29555976
29557391
29562956
29563976
29565491
29565494
29568870
29568883
29571260
29573114
29575013
29575772
29587281
29588599
29593418
29609689
29610564
29615601
29616095
29630113
29633510
29636620
29636997
29653464
29663367
29663730
29667486
29669301
29671226
29683265
29687853
29691981
29693120
29693139
29700285
29710501
29710554
29716673
29719587
29724297
29727715
29730647
29740498
29743851
29744288
29745074
29745075
29745091
29749374
29749443
29749475
29749494
29752208
29752775
29753317
29754471
29755784
29758200
29771418
29789524
29793538
29796942
29802374
29803172
29803931
29805551
29805651
29805682
29808247
29843220
29845197
29845208
29845298
29849802
29854278
29855767
29856242
29859832
29863245
29863252
29874469
29895719
29898735
29898761
29899165
29899406
29901128
29901181
29902839
29904936
29905017
29905536
29908894
29909423
29928411
29928443
29932870
29934982
29942140
29946339
29951881
29956739
29957460
29957467
29958139
29961751
29969438
29970122
29984257
29991025
30002603
30003721
30003723
30003730
30003743
30003744
30003745
30003746
30003747
30003749
30003754
30008466
30008615
30010468
30013665
30013768
30015924
30019389
30021354
30021381
30022623
30024596
30024608
30024609
30030888
30039885
30053878
30055941
30058678
30058681
30058693
30061179
30063126
30066879
30068373
30069972
30070314
30070317
30070322
30072869
30076714
30084434
30085330
30104888
30117642
30118845
30119173
30119193
30119212
30119241
30120709
30123088
30125549
30127666
30127894
30127956
30129142
30132535
30132557
30132866
30134821
30134837
30135419
30138664
30145819
30146756
30147110
30148675
30154433
30155612
30165354
30165731
30171812
30178832
30184530
30185771
30191515
30191602
30191949
30191987
30200804
30201235
30206929
30209783
30214227
30216523
30216645
30217697
30223390
30224626
30226534
30229818
30229899
30250022
30253398
30253740
30254102
30260270
30267476
30272365
30273298
30277596
30278464
30280196
30280767
30284554
30285605
30290058
30300116
30302796
30304920
30309377
30314890
30314898
30314946
30317540
30320366
30320397
30321469
30334578
30338764
30338784
30338799
30338802
30340459
30341904
30342469
30344720
30358200
30358211
30358216
30358226
30362547
30367473
30368888
30370578
30372802
30372822
30372868
30377412
30378115
30378152
30383637
30385249
30387817
30395767
30402848
30406400
30412760
30415269
30425532
30425851
30427826
30431107
30431124
30443973
30446523
30446524
30450663
30452118
30453302
30456844
30456894
30459344
30459526
30464170
30465826
30468468
30468471
30468476
30468732
30470957
30474570
30476722
30478938
30480801
30483390
30489194
30499465
30502321
30507050
30510452
30518782
30520094
30521471
30521783
30524203
30524205
30532005
30536320
30537000
30537034
30539341
30539797
30541958
30542391
30543848
30546116
30546422
30551440
30551520
30551528
30552782
30554121
30555239
30555741
30556850
30556851
30556875
30559605
30564064
30565389
30565392
30565858
30569091
30569114
30569129
30569515
30570852
30570862
30570866
30570867
30570868
30580326
30580676
30582202
30584327
30584331
30590312
30594239
30594787
30596336
30597727
30599132
30605882
30609034
30610787
30610794
30610802
30610808
30610811
30611858
30614794
30621694
30621700
30624782
30626446
30627375
30628697
30632520
30636169
30636880
30639194
30641218
30643464
30644597
30646812
30648816
30650069
30655830
30656681
30657551
30662060
30664160
30672001
30673676
30675221
30677405
30678643
30681987
30687544
30689165
30696802
30697074
30697268
30701693
30705598
30706537
30707166
30708325
30710422
30710750
30712054
30714135
30718464
30720118
30720174
30720176
30721745
30728448
30737360
30741413
30755810
30760284
30760701
30772517
30772887
30774370
30779067
30779068
30779077
30779080
30783417
30785126
30786928
30791958
30796202
30797236
30804337
30804710
30805928
30805931
30809096
30816511
30816546
30817743
30819221
30827324
30840259
30840262
30840272
30840276
30840280
30841025
30843379
30844369
30853664
30858762
30860205
30863107
30863174
30863177
30863186
30864186
30864656
30873211
30875659
30877718
30879017
30881030
30881114
30883036
30884187
30888082
30888523
30890168
30891073
30896797
30896864
30902884
30905732
30907503
30907518
30907986
30908654
30915743
30915752
30923462
30925862
30936963
30938885
30940290
30941981
30941982
30941984
30941986
30941988
30943047
30947122
30953349
30953364
30959202
30962417
30962950
30964158
30964168
30964174
30970294
30972632
30976981
30977220
30980391
30981105
30981110
30982489
30984306
30988768
30990343
30991076
30992394
30993702
30994959
30996686
30997898
30998968
31002164
31002351
31004081
31005958
31005960
31007611
31007778
31009621
31015369
31015802
31019378
31019568
31026378
31035050
31038184
31043579
31044528
31044561
31044775
31049956
31060565
31062359
31063715
31066041
31071316
31071459
31072914
31075234
31081051
31081075
31081077
31081092
31081094
31081112
31093305
31095447
31097689
31099423
31101062
31101800
31102261
31102273
31102664
31106423
31113460
31119752
31122127
31123165
31127452
31127995
31128004
31128007
31128011
31128012
31128015
31128021
31128024
31128027
31128031
31128032
31128423
31129275
31130822
31131472
31134519
31138758
31138762
31139017
31140597
31143092
31144355
31144388
31147216
31157987
31160483
31160489
31160576
31161607
31162697
31162777
31165315
31165471
31168296
31169304
31171023
31172209
31172425
31172560
31173203
31173256
31173286
31173297
31174563
31180057
31182761
31188543
31190336
31190868
31190875
31198405
31201145
31204561
31206665
31207081
31209930
31210289
31210297
31210300
31210309
31210312
31213129
31219101
31219186
31222746
31222825
31232474
31234025
31234706
31237148
31239367
31239718
31245927
31250518
31251110
31252267
31255531
31257462
31257495
31258685
31262976
31270028
31270250
31270840
31276207
31279058
31280269
31282278
31286834
31297902
31298368
31298371
31298381
31298411
31298493
31301414
31301558
31303764
31304680
31305205
31307515
31311326
31316597
31316631
31317666
31319879
31322140
31322233
31330233
31332647
31335317
31344701
31345097
31350343
31351327
31352088
31354360
31354888
31360066
31360200
31363373
31364107
31364119
31364120
31369196
31369989
31372048
31373242
31378890
31378897
31378902
31380420
31382189
31383552
31383785
31386624
31386627
31387451
31387619
31389597
31396335
31396353
31404056
31404776
31406476
31409387
31410172
31411515
31413588
31413665
31416393
31420931
31422383
31423164
31423213
31424641
31424644
31424645
31424647
31424650
31424652
31424653
31424656
31424660
31424663
31424667
31424671
31424673
31424676
31424680
31424682
31424686
31424690
31425497
31430374
31432113
31432728
31432742
31433213
31433522
31434797
31436388
31438772
31440038
31440094
31442444
31445707
31448674
31449345
31451680
31452281
31452739
31454677
31456644
31462890
31463832
31465766
31481985
31482398
31483550
31485620
31486485
31486496
31486498
31492194
31492830
31496737
31496803
31496812
31498483
31508816
31510782
31512380
31512681
31513891
31516388
31517442
31524148
31525734
31528122
31530937
31532756
31533774
31534132
31535570
31537148
31539115
31539127
31541369
31545294
31545414
31545478
31548876
31556116
31557334
31557618
31558184
31558185
31559899
31564201
31565099
31565805
31571899
31572503
31579114
31579252
31579407
31579409
31579447
31580537
31582906
31582908
31585903
31599405
31599407
31599412
31599708
31599709
31600142
31602243
31604167
31607131
31610194
31619581
31621118
31629025
31629962
31632090
31632389
31632465
31637705
31645082
31646550
31646553
31646557
31646576
31646792
31646793
31646796
31646804
31646808
31646812
31646826
31651086
31652435
31654185
31654522
31657132
31657617
31659145
31659146
31661137
31667207
31668012
31668806
31670198
31674022
31680311
31689506
31692053
31692494
31693087
31695021
31695411
31695437
31695578
31696054
31696462
31696466
31696474
31696479
31696487
31698267
31705333
31718519
31718693
31719796
31719797
31724333
31724454
31727012
31727502
31727599
31727867
31728150
31731187
31733099
31734559
31735093
31737197
31737213
31742692
31745677
31746366
31746372
31747856
31757938
31758655
31760895
31769216
31770363
31772143
31772692
31773680
31773690
31773692
31773699
31773701
31773760
31774223
31777581
31779647
31783885
31784675
31786843
31786849
31786860
31786862
31786867
31786874
31786875
31786883
31786886
31786887
31786891
31793989
31798345
31799620
31799655
31799667
31799668
31799680
31801112
31802897
31802909
31802942
31804459
31806998
31808752
31809872
31812723
31812793
31819043
31819476
31819485
31819489
31819507
31820522
31823518
31823805
31827395
31827400
31827402
31827645
31829064
31829105
31830378
31837057
31839366
31841120
31841195
31841196
31841197
31841198
31842978
31842997
31844417
31847842
31847864
31848324
31849331
31851778
31853201
31858531
31858537
31858547
31858553
31875977
31876239
31880390
31881122
31881124
31881947
31884577
31887107
31889891
31889899
31889901
31889905
31892308
31893023
31893303
31894271
31894287
31894338
31894340
31894485
31894846
31898338
31900207
31901148
31901156
31906946
31907361
31909418
31912882
31918278
31918603
31918742
31919590
31920339
31920341
31920683
31921616
31923350
31928130
31930114
31935210
31938212
31944163
31950060
31951853
31951855
31952549
31955007
31955303
31957165
31957232
31957819
31957834
31957839
31960446
31966799
31967713
31967859
31974341
31981861
31982471
31982772
31983095
31983096
31983099
31983104
31983112
31983115
31983118
31983729
31992359
31994318
31994731
32000296
32005795
32006897
32006899
32010478
32015692
32016455
32016467
32016972
32016978
32016979
32017004
32018223
32020664
32020881
32021261
32021276
32021284
32021297
32021449
32032347
32041931
32041942
32043299
32045367
32051827
32052688
32057287
32061057
32064168
32064885
32067228
32067282
32068261
32075502
32077446
32077624
32077635
32082081
32086850
32089060
32089063
32089066
32090103
32090639
32090981
32096153
32096159
32096165
32096168
32096176
32099325
32099392
32099394
32099530
32099901
32100959
32102682
32106739
32106756
32110042
32115570
32117763
32122143
32126879
32130660
32141546
32141560
32143722
32147429
32150671
32157157
32158222
32158228
32158261
32160715
32161469
32161513
32165307
32165863
32167616
32169080
32170048
32171324
32174219
32178558
32181582
32184617
32184618
32186927
32187849
32190000
32190154
32190156
32191528
32193151
32193152
32193153
32194140
32194906
32195190
32196574
32196576
32196578
32196585
32196592
32196595
32198574
32198976
32201538
32201542
32209729
32210618
32219065
32219144
32220051
32220262
32223925
32228650
32232005
32236568
32237034
32239438
32239565
32255252
32256084
32256209
32259795
32264732
32264733
32266320
32269214
32269719
32269848
32271408
32271412
32271432
32275162
32277580
32277616
32277618
32277619
32277626
32277631
32277638
32277640
32277642
32277643
32277647
32277648
32277653
32277654
32277659
32277661
32277663
32277664
32277665
32277668
32277671
32277673
32277674
32277676
32280244
32282954
32283544
32285909
32285989
32291380
32293462
32293505
32293515
32295675
32297103
32299022
32301290
32304760
32308106
32308108
32308422
32312328
32314545
32315984
32318326
32325080
32327630
32329830
32329833
32329840
32329849
32329850
32329855
32329856
32343942
32346296
32346312
32346414
32351328
32352219
32353736
32355540
32356935
32357142
32360515
32364530
32364673
32369777
32373960
32373965
32373971
32373978
32377725
32378714
32380054
32380476
32386479
32391554
32395292
32396524
32397840
32398651
32398967
32401134
32401659
32401927
32404870
32407172
32410348
32411774
32412676
32420810
32423238
32425506
32425594
32425695
32432730
32432739
32435156
32436770
32439850
32440152
32440156
32440219
32440509
32441301
32441887
32447640
32448371
32458989
32461377
32462956
32467998
32468032
32468048
32473153
32473223
32474457
32476275
32484204
32484698
32488691
32493835
32495857
32495859
32495866
32495877
32507765
32507767
32509208
32521844
32521851
32521855
32521856
32521857
32521858
32521863
32521875
32521878
32521879
32521880
32521882
32521885
32521892
32521894
32521898
32521899
32521900
32521901
32521905
32521908
32521910
32521911
32521922
32521932
32521933
32522013
32522621
32524687
32524752
32525231
32528541
32533103
32535033
32536813
32542094
32547060
32547080
32547082
32547083
32547091
32547226
32547232
32553931
32554853
32554855
32555352
32558212
32558224
32561925
32565953
32566584
32566617
32566618
32568179
32570259
32571328
32571448
32572884
32572885
32572887
32572908
32572915
32572922
32572924
32572939
32572940
32581589
32585630
32588752
32588875
32589786
32592222
32593652
32596150
32596949
32602212
32606747
32606764
32606796
32606946
32606962
32607060
32615527
32617008
32624708
32626753
32627026
32633354
32633364
32633373
32633726
32636651
32638404
32643848
32647677
32647679
32647682
32647692
32654289
32668390
32669877
32670392
32670874
32675386
32675387
32676834
32679234
32683392
32684096
32685464
32695240
32705162
32705168
32711584
32714856
32717723
32719443
32724375
32726517
32729957
32732872
32735377
32735773
32737620
32742488
32744686
32756011
32760196
32764959
32765065
32767332
32770981
32786108
32793474
32801783
32801865
32801873
32801880
32801887
32801909
32801910
32809144
32821116
32821117
32833504
32835591
32838835
32848418
32849791
32849915
32850952
32855660
32856394
32857271
32860589
32862572
32862573
32862580
32862582
32862589
32862591
32862598
32862599
32862603
32862604
32862609
32862610
32862611
32862612
32862615
32863939
32864003
32867570
32871042
32884344
32884956
32894536
32900244
32908787
32910558
32910787
32916503
32918845
32924971
32927434
32928232
32928266
32930707
32931357
32934676
32934734
32936498
32936716
32938489
32943883
32943885
32943922
32943985
32943990
32944531
32945454
32951317
32952599
32953746
32953790
32953791
32955920
32957082
32961346
32963582
32963586
32963636
32964960
32964961
32964972
32964976
32964980
32965772
32972441
32975633
32978367
32982424
32982425
32982430
32983957
32984325
32989398
32990143
32996684
33000222
33013201
33015766
33015772
33015784
33015795
33023331
33024414
33035197
33045131
33045317
33048450
33059643
33059737
33061456
33061572
33061573
33061603
33061605
33061615
33072561
33077306
33078894
33080570
33083473
33085761
33085838
33087165
33088216
33089757
33089886
33089970
33090392
33090401
33093476
33094561
33098307
33099911
33099919
33099922
33099927
33099931
33099937
33099940
33099946
33099948
33099951
33099954
33099955
33100909
33101368
33109220
33115604
33116592
33116600
33116606
33116617
33116622
33116777
33116826
33116864
33117083
33117688
33122449
33122828
33125097
33125134
33128099
33139695
33139818
33145952
33149673
33154667
33155192
33155193
33155195
33155197
33155216
33173343
33173535
33178766
33183350
33187481
33192095
33199829
33203425
33204709
33209486
33209874
33209875
33209876
33209878
33209893
33209900
33214694
33215426
33215431
33217443
33219752
33221764
33221767
33222697
33223523
33230461
33230475
33231086
33232271
33235630
33235697
33239895
33240312
33240988
33241006
33241016
33241029
33250514
33256799
33262654
33263825
33264103
33264494
33273726
33273850
33273862
33274565
33275224
33275234
33277833
33277838
33277839
33277848
33277849
33277858
33277860
33282916
33282949
33290262
33290780
33291078
33292210
33292225
33292254
33293663
33294294
33295145
33298057
33299140
33304897
33310816
33310972
33312757
33313139
33313196
33314480
33318617
33320427
33323546
33323547
33328585
33328586
33330451
33330483
33331417
33332708
33335427
33336075
33336726
33336732
33336742
33350586
33363617
33364784
33369809
33372376
33376627
33378022
33394184
33401249
33402731
33402847
33404856
33407520
33407591
33408513
33414518
33414521
33414706
33416073
33417281
33431945
33436545
33437365
33437368
33447050
33447074
33448307
33455109
33457004
33459391
33462201
33465389
33472665
33476715
33482820
33488099
33489876
33490147
33490150
33490155
33490163
33490165
33490265
33494783
33500658
33505426
33505958
33514344
33531645
33531647
33531648
33533172
33537721
33542185
33546686
33553139
33566449
33569426
33576437
33576457
33577026
33581689
33585440
33588137
33588886
33589572
33589600
33596966
33598394
33608066
33609542
33613300
33614917
33615686
33617803
33621425
33621431
33621591
33629308
33634016
33634966
33637885
33650660
33650673
33653339
33655712
33663510
33667646
33668040
33674778
33680120
33680123
33686766
33708436
33713583
33718387
33722248
33722655
33728488
33733587
33735107
33737835
33738141
33738143
33738326
33744851
33747281
33748098
33750398
33752668
33753114
33761934
33772101
33777212
33786627
33791198
33797312
33816238
33816255
33817160
33817227
33820868
33824472
33836050
33836753
33846791
33854620
33854963
33858324
33859925
33862112
33863873
33868787
33868788
33869743
33869744
33872661
33875645
33882369
33883938
33898446
33898510
33898523
33906532
33907830
33926524
33927188
33941772
33941868
33953896
33959508
33962657
33965547
33968038
33968991
33970779
33972506
33981828
33986803
33986866
33993197
33999360
33999859
34002044
34002647
34008309
34021124
34021307
34026327
34027086
34035482
34039401
34044859
34045897
34048311
34053467
34082012
34093799
34093819
34094815
34102608
34108034
34109793
34114328
34115333
34116927
34124029
34125645
34132932
34134771
34149919
34164473
34165442
34172717
34180353
34196798
34218325
34222341
34225739
34226501
34229645
34230221
34232553
34233088
34233322
34233586
34238211
34238293
34238300
34249684
34249903
34257670
34257707
34266379
34267816
34277601
34282279
34284744
34291563
34292880
34294040
34306252
34306603
34321465
34329837
34335753
34345220
34345289
34350172
34354775
34363438
34364169
34372869
34372882
34381519
34386070
34386071
34387848
34394774
34394897
34394903
34401471
34408438
34416900
34422080
34422081
34422251
34446696
34455417
34457109
34459124
34462640
34466149
34475980
34479474
34484398
34484405
34488535
34490077
34496800
34496829
34497267
34497654
34504061
34507559
34510715
34512796
34531966
34531986
34532393
34539824
34544905
34545207
34546854
34551796
34552050
34552061
34552654
34557229
34557254
34558633
34567205
34567212
34586733
34586738
34589129
34589152
34589577
34602057
34616611
34620126
34621501
34623601
34630611
34630709
34633053
34646768
34650970
34655278
34656078
34659427
34659430
34659451
34663343
34666670
34667163
34671405
34671407
34675989
34676875
34691202
34691210
34691227
34691230
34691287
34691289
34697449
34697545
34697546
34707677
34707704
34709111
34709983
34712340
34712344
34716285
34721634
34721635
34725554
34729397
34733336
34733352
34734012
34737780
34745276
34745282
34745292
34745299
34764998
34767964
34777684
34777731
34783160
34786330
34790377
34795530
34804457
34805404
34808462
34840706
34841435
34858519
34868315
34897283
34899969
34900056
34920123
34925644
34931127
34950209
34953047
34966464
34969360
34970423
34976107
34989145
34992670
34992672
35003325
35014676
35015607
35027926
35030640
35030964
35035526
35035813
35035819
35043728
35047027
35069784
35069793
35071416
35075362
35075389
35079445
35083026
35096137
35099637
35116892
35117034
35117188
35117240
35117305
35117489
35117516
35117521
35117528
35117624
35117686
35117718
35117749
35117750
35117758
35117765
35117926
35126628
35126633
35126638
35126917
35126924
35126932
35126934
35126948
35126958
35145563
35154431
35156514
35156537
35170195
35175172
35178230
35184134
35186171
35186244
35198037
35209807
35222681
35222721
35222884
35222894
35229028
35237334
35242856
35246010
35251167
35251300
35251372
35255389
35265169
35274046
35281952
35291714
35293097
35295720
35299679
35299680
35299682
35301291
35309836
35309839
35310176
35310186
35313517
35321201
35339891
35340236
35341446
35342395
35342398
35345513
35345518
35345520
35345650
35345659
35356664
35368926
35368948
35369006
35387566
35387975
35388335
35390315
35392141
35392142
35396503
35399331
35399832
35421264
35422872
35422875
35422981
35432585
35437448
35437449
35443871
35449836
35449844
35463684
35464837
35465006
35466322
35478990
35479190
35479963
35480160
35494512
35494529
35495883
35495891
35497926
35502885
35509856
35509860
35509861
35510039
35515501
35518786
35519458
35521206
35521635
35528074
35528242
35528360
35528698
35529933
35529988
35530072
35531471
35535225
35535229
35539662
35539872
35539916
35548736
35570897
35571569
35571689
35571705
35571714
35571738
35572820
35572837
35572840
35578598
35578687
35579082
35580385
35585938
35586106
35589677
35591845
35593463
35598971
35600950
35601565
35602347
35602350
35607321
35614944
35634054
35641479
35643814
35651729
35651922
35655721
35656468
35656470
35658874
35660538
35664642
35664942
35669373
35685670
35685723
35686034
35692504
35693259
35707706
35711498
35711568
35712068
35720029
35720032
35720036
35722142
35722144
35726289
35730472
35747374
35747378
35755741
35755768
35756403
35756421
35756424
35761836
35761841
35769157
35769161
35770115
35774295
35775376
35778739
35785146
35794985
35795269
35795615
35795617
35799641
35799670
35800207
35811659
35813489
35815280
35822164
35832300
35832525
35836919
35836920
35837046
35843065
35844446
35845129
35845587
35845741
35860001
35860002
35860184
35860691
35865344
35872862
35872927
35872930
35872943
35872947
35872948
35872956
35874632
35875739
35875745
35897048
35898678
35898782
35909477
35909901
35911136
35911145
35911150
35911165
35911584
35915805
35922404
35928970
35928973
35936360
35936368
35936378
35937391
35941968
35942377
35954358
35957805
35958931
35958935
35958936
35959351
35959358
35966249
35966723
35966741
35966742
35968236
35977935
35979010
35979397
35980647
35982735
35982994
35982995
35983008
35989576
35990831
35990840
35990846
35990856
35996717
35998226
36016678
36016851
36017147
36017150
36033309
36034960
36034961
36035281
36035290
36043143
36051922
36052030
36052044
36054559
36060648
36060926
36061357
36062173
36062197
36065262
36070054
36072635
36072774
36081429
36081431
36082059
36086826
36090892
36098040
36098468
36105481
36105484
36105931
36106030
36110574
36111167
36118668
36118947
36119922
36120591
36124013
36134116
36157240
36164372
36168316
36185081
36188697
36193067
36193130
36193490
36199423
36199547
36204131
36212175
36212952
36212962
36212971
36212978
36225179
36226247
36226269
36237583
36246555
36246977
36246981
36248404
36248415
36248419
36248434
36251949
36254233
36254306
36262285
36267814
36267843
36276274
36276288
36277040
36277979
36277989
36299467
36304963
36311361
36316108
36387361
36401723
36408341
36411824
36440365
36446779
36483921
36494333
36504560
36506936
36600965
36604626
36644819
36699282
36721699
36737726
36811283
36823108
36846943
36892427
36892683
36908025
36936027
36941983
36947996
36973424
36994813
37009803
37085288
37166441
37243702
37248373
37271497
37292259
37305690
37360090
37370246
37370759
37377034
37516854
37539185
37548553
37605590
37636444
37715435
