9892190
9892192
9892194
9892196
9892199
9892209
9892212
9927038
9927042
9927047
9927051
9927055
9927057
9927060
9927061
9927063
9927065
9973202
9973205
9973206
9973212
9973216
9973220
9973222
9973224
9973225
9973228
10383144
10383149
10493495
10493497
10493502
10493506
10493508
10493509
10493511
10493512
10493516
10493519
10493523
10493524
10493527
10493528
10519379
10519383
10519385
10519391
10519392
10519393
10519400
10519402
10519410
10519414
10519419
10519422
10537273
10537274
10537275
10537277
10537279
10537283
10537284
10537285
10537291
10537296
10537297
10537299
10667564
10667576
10667577
10667579
10667580
10667582
10667584
10667586
10667590
10667593
10667600
10667604
10676625
10676627
10676632
10676639
10676640
10676641
10676644
10676646
10676649
10676650
10676656
10676661
10676663
10676664
10706094
10706095
10706101
10706103
10706109
10706110
10706116
10706119
10706123
10706124
10706130
10706135
10728666
10728675
10728680
10728682
10728684
10728689
10728690
10728691
10728693
10728696
10728698
10728699
10728701
10728703
10728713
10749119
10749122
11016652
11016653
11016654
11016658
11016659
11016661
11034064
11034065
11034071
11034077
11034088
11034098
11034099
11034100
11034105
11034106
11059745
11059746
11059752
11059753
11059767
11059768
11059770
11059772
11059773
11059774
11059775
11059776
11059777
11059780
11059781
11059783
11059787
11059788
11085502
11085514
11085515
11085516
11085517
11085521
11085522
11085528
11085533
11085534
11085536
11085537
11085542
11085543
11085544
11103776
11103777
11103778
11103779
11103780
11103783
11103784
11103785
11103786
11221827
11221828
11221830
11221834
11221835
11221840
11221843
11221846
11221849
11221854
11221855
11221856
11221860
11221887
11221888
11245420
11245422
11245424
11245426
11245427
11245429
11245431
11245433
11245436
11245437
11245440
11245441
11245452
11245453
11245455
11245456
11245457
11245458
11245460
11245461
11245464
11245468
11245472
11245473
11245474
11245484
11245486
11245487
11245489
11245493
11280720
11280726
11280731
11280738
11280740
11280742
11280746
11280750
11280752
11280760
11280766
11280767
11280768
11280770
11280771
11280773
11280774
11280775
11280776
11280780
11280786
11280788
11280789
11280790
11280792
11280793
11280803
11280805
11280806
11289111
11289113
11289120
11289126
11289132
11289133
11289134
11289135
11289136
11289137
11289139
11289140
11289142
11289147
11289149
11289151
11289156
11289160
11289162
11306450
11306453
11306454
11306457
11306458
11306461
11306463
11306464
11306465
11306469
11306470
11306473
11306476
11306477
11306478
11306480
11306484
11306485
11306489
11306490
11306491
11306494
11306497
11306500
11306508
11306509
11309270
11309274
11309275
11309276
11309279
11309280
11309283
11309288
11309289
11309290
11309295
11309296
11309297
11309300
11309302
11309310
11309312
11309313
11309314
11325813
11325821
11325824
11325825
11325832
11325834
11325836
11325837
11325839
11325841
11325842
11325845
11325848
11325853
11325855
11325857
11325858
11358796
11358797
11358798
11358800
11358803
11358804
11358806
11358811
11358813
11358816
11358817
11358821
11358823
11358826
11358830
11358834
11358837
11358838
11358840
11358841
11358844
11358849
11358852
11358853
11358856
11358857
11358858
11389049
11389054
11389059
11389063
11389064
11389073
11389077
11389080
11389081
11389082
11389086
11389089
11389090
11389092
11389096
11406536
11406538
11406540
11406543
11406545
11406547
11406550
11406551
11406555
11406558
11406562
11406569
11431323
11431329
11431330
11431332
11431337
11431345
11431347
11431348
11431349
11431350
11431352
11431354
11431355
11431356
11431360
11431361
11431367
11431369
11431377
11454670
11454673
11454681
11454683
11454686
11454687
11454690
11454691
11454694
11454695
11454696
11454697
11454700
11454707
11454712
11454714
11454715
11454717
11454719
11454720
11479200
11479205
11479206
11479207
11479208
11479210
11479212
11479214
11479215
11479222
11479224
11479226
11479231
11479235
11479236
11507039
11507043
11507045
11507046
11507047
11507049
11507050
11507057
11507060
11507061
11507069
11507070
11507071
11507072
11507073
11507074
11507076
11507080
11507084
11522618
11522622
11522624
11522628
11522634
11522636
11522637
11522646
11522649
11522652
11522655
11522656
11522657
11522658
11522659
11559523
11559527
11559531
11559533
11559538
11559542
11559546
11559550
11559553
11559554
11559557
11559558
11559562
11559565
11559566
11559567
11559570
11559573
11559574
11585722
11585723
11585724
11585726
11585728
11585737
11585738
11585739
11585740
11585744
11585745
11585746
11585748
11585751
11585752
11585753
11585755
11585756
11585760
11585762
11585765
11585768
11585769
11585771
11585772
11585774
11585777
11606371
11606372
11606373
11606376
11606377
11606378
11606380
11606384
11606393
11606396
11606397
11606400
11606403
11606406
11606410
11606412
11606413
11691781
11691788
11691790
11691791
11691792
11691795
11691798
11691799
11691800
11691802
11691805
11691806
11691807
11691808
11691809
11691811
11691813
11691815
11691820
11691822
11691827
11691828
11719426
11719427
11719429
11719431
11719432
11719436
11719438
11719439
11719442
11719443
11719444
11719448
11719452
11719454
11719455
11719457
11719461
11719462
11719463
11719464
11731408
11731409
11731411
11731423
11731424
11731430
11731431
11731433
11731434
11731435
11731444
11731445
11751373
11751375
11751379
11751380
11751381
11751382
11751383
11751385
11751388
11751389
11751390
11751395
11751400
11751403
11751408
11751410
11751417
11782348
11782351
11782363
11782364
11782366
11782367
11782369
11782371
11782372
11782373
11782379
11782388
11782392
11782393
11809682
11809683
11809687
11809689
11809690
11809697
11809701
11809705
11809712
11809713
11809714
11809717
11830510
11830523
11830524
11830527
11830528
11830529
11830530
11830532
11830534
11830539
11830547
11830549
11830550
11830552
11830553
11830554
11861368
11861369
11861370
11861378
11861380
11861384
11861387
11861389
11861392
11861396
11861397
11861399
11861401
11861403
11861406
11888885
11888894
11888895
11888901
11888903
11888904
11888906
11888907
11888908
11888912
11888917
11888920
11888924
11888926
11888932
11912128
11912132
11912135
11912143
11912144
11912148
11912154
11912155
11912156
11912158
11912164
11912167
11912171
11912172
11912173
11912175
11929806
11929809
11929811
11929814
11929815
11929817
11929828
11929832
11929833
11929836
11929841
11929842
11956072
11956074
11956078
11956085
11956087
11956088
11956097
11956098
11956099
11956100
11956101
11956106
11956107
11956108
11980633
11980634
11980636
11980640
11980643
11980644
11980645
11980648
11980652
11980653
11980655
11980656
11980658
11980659
11980660
11980663
11980664
11980666
11980667
11980668
11980669
11980671
11980672
11980674
12019145
12019147
12019154
12019155
12019157
12019158
12019159
12019160
12019166
12019169
12019177
12019181
12036908
12036909
12036911
12036914
12036915
12036918
12036919
12036920
12036923
12036925
12036929
12036933
12036934
12036939
12036942
12036943
12036946
12036948
12036949
12067970
12067972
12067974
12067977
12067981
12067985
12067986
12067989
12067991
12068000
12068003
12086850
12086873
12086889
12086890
12086892
12097261
12097263
12097265
12097266
12097267
12097274
12097276
12097281
12097282
12097284
12097287
12097290
12097296
12097297
12097298
12124172
12124174
12124177
12124178
12124316
12124319
12124325
12124330
12124331
12124332
12124333
12124334
12124339
12124341
12124349
12154012
12154019
12154022
12154026
12154028
12154029
12154031
12154033
12154034
12154037
12154038
12154040
12154041
12154043
12154046
12154049
12154052
12154058
12154059
12154062
12154065
12183400
12183407
12183410
12183412
12183422
12183423
12183427
12183428
12183434
12183436
12183439
12204536
12208730
12208732
12208738
12208740
12208743
12208745
12208747
12208750
12208753
12208757
12208758
12208759
12208761
12208763
12208768
12234974
12234978
12234981
12234982
12234983
12234984
12234985
12234986
12234987
12234990
12234992
12234994
12234998
12235000
12235004
12235007
12242153
12359743
12359744
12359748
12359751
12359752
12359754
12359755
12359759
12359760
12359762
12359765
12359767
12359768
12359770
12359773
12384515
12384516
12384518
12384526
12384528
12384529
12384530
12384531
12384533
12384536
12384538
12384539
12384548
12384550
12384552
12384554
12384566
12414619
12414623
12414624
12414627
12414628
12414633
12414635
12414638
12414639
12414644
12414652
12414657
12414658
12414661
12414664
12438214
12438224
12438225
12438226
12438228
12438230
12438235
12438239
12438247
12438250
12438252
12438255
12438261
12438263
12438264
12438265
12438270
12438271
12438272
12438273
12438275
12438277
12438278
12460890
12460891
12460892
12460893
12460895
12460896
12460898
12460906
12460909
12460911
12460914
12460915
12460916
12460918
12460925
12460929
12460930
12460932
12499246
12499248
12499257
12499258
12499263
12499267
12499268
12499269
12499275
12499277
12499280
12499281
12517768
12517773
12517777
12517780
12517781
12517786
12517789
12517790
12517793
12517796
12517797
12517798
12517799
12517802
12517804
12543772
12543776
12543781
12543782
12543788
12543789
12543790
12543792
12543793
12543799
12543800
12543804
12543808
12543811
12543812
12559176
12566296
12566304
12566306
12566308
12566311
12566312
12591718
12591719
12591720
12591721
12591722
12591723
12591732
12591735
12591741
12615701
12615705
12615707
12615708
12615709
12615711
12615713
12615714
12615715
12615718
12615720
12615721
12615725
12615728
12615731
12615732
12615733
12620408
12649168
12649169
12649181
12649183
12649187
12649199
12676585
12676586
12726862
12782597
12842084
12842087
14522253
14706341
15050914
15050919
15050920
15193259
15193261
15324695
15380517
15488759
15607963
15710330
15766661
15894264
16023597
16098467
16098468
16286244
16286245
16286248
16413471
16413472
16616331
16843262
16843263
16843266
16904609
16904610
16904612
17097564
17349581
17349582
17418409
17418411
17482131
17785202
17936559
18068632
18167341
18242511
18242513
18394555
18394558
18455125
18577250
18577263
18577264
18616802
18691550
18702822
18817562
18977328
18992162
19055833
19061835
19111878
19276341
19276362
19276363
19276364
19276365
19276366
19291303
19327156
19341478
19345327
19477426
19647220
19647222
19647224
19647226
19732720
19878873
19878874
20040095
20060366
20129248
20385358
20385359
20534128
20609350
20609354
20832751
20925957
20951943
20951945
20951946
20969774
20977755
21130701
21156281
21235771
21316601
21316605
21316606
21397857
21439088
21481789
21481791
21481793
21507255
21575861
21619690
21665146
21665152
21907923
21907924
21984975
21985400
22014578
22037472
22059152
22094254
22112546
22140652
22140653
22145100
22180853
22192404
22328974
22328975
22340593
22439933
22448344
22475564
22576209
22576212
22576213
22581825
22585857
22585859
22585997
22586065
22586610
22586611
22586632
22586683
22588880
22589274
22589275
22589276
22589277
22593191
22609699
22609800
22617326
22624711
22649190
22651929
22659450
22673234
22689920
22693249
22693253
22700876
22700879
22710436
22719019
22719066
22719070
22719071
22719073
22728436
22738912
22738914
22738915
22742411
22745370
22751135
22751136
22751462
22751464
22751465
22752299
22752300
22761335
22761337
22773664
22777769
22787119
22787122
22800710
22802077
22815528
22815529
22836752
22836754
22846914
22850422
22855742
22865451
22865455
22865456
22865458
22871336
22875023
22875024
22877736
22890239
22890240
22902411
22902412
22902413
22902414
22915751
22915756
22915761
22915762
22918885
22926560
22942252
22942256
22952216
22952219
22961666
22964581
22964582
22969147
22975373
22975377
22983922
22986740
22986745
22986746
22991304
22992310
22993403
22993404
22993405
23002204
23002206
23010075
23010077
23019223
23026133
23027087
23033441
23041547
23066033
23066034
23066036
23066039
23066040
23071066
23074286
23079661
23087055
23090115
23090116
23093251
23100466
23100467
23103856
23107779
23108138
23108140
23108142
23108145
23117884
23118055
23125191
23135909
23135913
23135915
23135916
23139210
23149912
23149914
23149916
23149917
23149920
23149921
23151902
23153533
23153535
23153536
23154965
23155121
23161490
23171795
23171796
23172311
23188506
23204225
23204226
23204232
23204237
23220880
23221383
23221384
23221387
23222296
23222298
23222299
23230188
23233736
23233739
23239741
23243017
23243018
23243025
23258246
23269276
23269278
23269702
23271725
23273921
23274910
23288510
23302227
23306062
23319800
23319802
23319804
23319807
23322008
23328583
23328585
23333936
23333938
23338608
23338612
23338613
23341573
23343252
23345161
23358686
23365135
23365136
23370327
23370329
23378344
23378476
23382044
23382046
23382047
23384942
23393199
23393200
23396586
23400593
23410973
23418320
23418322
23423976
23423977
23423978
23423980
23423981
23436794
23436801
23440422
23440424
23440427
23442321
23447578
23447580
23467612
23471820
23471847
23475934
23492368
23492369
23497456
23514705
23535903
23536552
23536553
23536554
23536555
23536557
23536561
23536563
23539442
23539443
23539446
23539448
23539450
23539451
23550148
23558953
23558954
23576551
23576557
23576562
23576564
23585456
23585457
23597566
23598276
23598279
23602409
23614898
23619167
23619168
23622716
23633483
23633484
23633485
23633488
23633489
23633492
23636126
23636127
23639940
23644530
23644531
23650262
23650282
23650284
23661552
23661553
23667174
23667176
23668363
23674500
23684459
23687338
23687340
23689072
23704210
23704211
23719831
23720054
23720056
23722544
23722546
23722547
23722548
23722551
23729641
23729642
23733505
23737487
23744837
23749643
23749645
23761327
23761328
23764004
23764426
23764543
23764544
23771434
23771907
23774211
23779130
23783576
23786772
23786773
23796560
23796561
23796563
23801748
23811943
23811944
23824740
23824743
23832664
23832665
23838935
23842041
23842682
23856246
23856248
23856251
23860718
23867470
23867472
23867477
23887971
23906982
23913825
23913826
23913827
23913828
23918797
23921231
23928991
23928993
23928994
23940299
23943799
23950209
23955273
23955388
23955390
23959856
23965987
23966291
23966292
23966293
23980095
24002999
24004818
24008317
24008318
24019382
24027197
24030979
24035453
24041940
24048820
24056683
24065731
24067506
24072746
24072747
24072748
24072749
24078773
24080280
24085786
24085787
24089019
24092238
24097820
24101153
24104062
24108744
24121485
24121486
24121487
24121488
24121490
24121494
24127122
24135280
24135284
24145349
24145352
24154871
24154873
24154874
24158094
24158095
24163374
24165160
24177181
24189460
24197130
24197133
24197134
24197137
24217577
24220241
24220243
24242070
24242071
24247718
24247719
24247720
24247721
24247722
24265153
24272484
24282278
24282279
24282282
24285723
24285724
24285726
24285727
24285728
24291004
24305876
24310398
24310399
24318931
24322982
24322983
24332045
24335958
24335962
24343228
24346116
24346432
24351291
24356097
24356421
24362263
24366882
24366884
24371223
24371224
24371228
24371232
24385213
24385214
24385215
24390736
24390738
24395821
24398473
24425047
24434208
24444711
24444712
24469107
24486181
24491438
24525231
24525235
24535670
24535671
24550032
24556366
24589924
24651014
24656771
24670723
24675041
24694735
24705811
24726034
24735925
24794706
24794707
24856586
24875857
24882515
24919462
24994123
25074459
25082755
25085632
25104330
25107667
25122198
25132497
25139148
25186948
25186949
25203322
25242044
25252691
25252692
25266735
25266736
25324352
25387766
25446900
25464900
25501949
25533336
25542447
25542448
25544637
25572172
25572173
25582697
25637275
25653093
25673644
25735774
25759021
25776529
25813352
25829424
25829425
25873173
25873175
25883022
25886818
25888368
25903014
25929848
25965570
25971938
25971939
26022204
26034056
26036643
26055271
26069186
26069190
26071254
26080835
26091827
26108343
26109333
26138828
26181000
26181021
26181025
26181027
26181143
26181180
26181182
26181256
26181260
26181758
26181761
26182305
26182307
26183406
26209539
26229090
26243863
26267535
26269515
26293922
26337806
26343583
26345456
26359368
26370156
26432108
26448610
26450788
26482930
26483188
26501844
26513013
26515759
26546296
26554404
26556299
26586766
26645196
26659430
26678339
26701088
26715642
26715643
26719971
26720421
26720728
26739882
26740101
26746117
26766587
26766590
26766593
26768772
26777415
26794505
26822149
26822237
26859459
26867710
26891703
26896096
26951227
26970896
26986538
27010573
27010943
27011036
27016502
27032035
27032109
27054291
27055085
27070702
27076371
27078145
27100398
27124486
27124835
27148825
27165742
27179037
27196375
27196525
27217383
27227654
27243607
27246539
27262168
27281650
27297552
27310478
27312177
27344947
27366979
27415765
27422033
27432227
27439908
27442038
27505670
27520294
27532364
27535106
27560719
27604488
27604489
27663899
27685805
27694385
27711914
27733359
27737437
27768168
27829440
27832250
27832254
27846391
27856443
27889185
27892998
27893038
27960087
27979832
27986708
27989801
28006062
28017614
28033448
28041841
28052762
28057023
28077171
28086949
28114440
28114604
28122867
28152123
28152150
28152151
28153032
28162974
28162975
28174173
28183697
28188128
28193778
28208186
28213356
28232365
28255082
28255083
28274958
28288992
28301662
28331002
28334337
28335793
28344040
28399408
28408400
28408401
28411207
28412963
28418507
28426845
28426850
28448665
28455392
28472234
28472989
28473526
28494073
28506242
28511686
28515055
28526063
28526733
28542677
28542679
28576927
28609657
28697342
28697344
28727865
28733428
28790031
28801306
28801307
28806978
28810147
28830878
28837714
28859185
28864476
28870253
28898698
28899863
28910456
28923910
28923912
28963352
28963353
28975352
28978556
29049492
29049611
29074724
29098284
29101162
29121143
29121177
29122777
29145584
29167866
29192305
29192307
29222541
29232556
29242214
29242895
29247016
29249692
29270608
29284669
29327043
29346484
29386193
29398449
29431697
29431698
29431699
29438695
29438698
29482582
29483135
29483136
29496664
29502955
29510988
29533783
29549165
29559475
29563103
29567829
29572229
29596542
29596618
29610121
29622465
29625580
29650534
29657135
29681511
29685162
29700001
29710126
29710228
29716915
29724719
29735550
29735552
29735554
29739757
29760043
29760044
29760045
29760046
29760047
29760048
29764865
29769196
29769198
29769200
29789418
29792310
29800971
29801090
29805077
29844121
29844122
29844123
29844126
29848605
29852037
29860375
29866143
29871933
29871934
29872864
29879283
29880480
29880586
29891505
29898995
29902298
29903879
29903880
29907681
29921690
29921698
29925404
29931220
29945961
29955787
29967256
29976575
29978187
29980239
29986996
29991605
30012669
30012673
30012853
30026327
30026328
30045908
30054332
30054333
30054334
30065048
30072394
30072397
30078747
30093503
30093506
30093561
30104333
30115691
30115693
30134947
30135193
30139811
30139814
30149876
30154145
30154146
30154147
30154148
30154149
30154155
30178038
30181244
30185546
30205047
30209066
30209081
30217928
30217930
30224375
30228172
30231940
30232221
30242112
30242397
30254150
30262461
30274972
30275053
30279172
30286235
30291105
30297358
30297532
30297535
30305285
30315115
30322867
30325992
30326045
30333118
30348677
30361447
30366930
30383128
30385615
30389702
30400986
30401712
30401714
30409776
30413411
30423296
30423297
30423298
30425057
30442709
30459151
30482772
30487137
30487138
30520947
30530503
30537514
30538120
30541743
30543349
30563872
30563893
30567843
30589920
30591552
30591553
30606227
30606720
30610086
30612941
30622114
30626590
30629084
30629092
30630534
30630850
30643016
30645975
30659021
30674535
30679176
30679179
30692215
30705122
30709805
30709927
30709928
30709931
30723115
30753824
30755442
30755444
30760517
30773340
30777870
30777872
30796052
30803995
30808675
30808676
30816931
30816957
30819666
30844031
30845975
30862717
30862718
30862719
30862721
30862724
30877106
30877108
30885978
30885979
30885981
30894369
30894370
30894371
30896771
30898838
30898839
30902795
30936085
30944118
30952634
30973611
30987979
30987999
30988166
30991026
30992322
30996048
30998808
30998813
31015319
31040154
31040156
31040157
31046071
31046122
31048321
31061066
31064846
31064848
31064851
31076479
31085557
31088835
31088841
31091534
31092401
31097475
31101760
31113818
31113820
31142511
31145418
31151962
31164355
31182547
31185211
31185213
31185214
31189531
31189649
31197017
31201181
31213464
31217296
31239270
31239273
31248966
31253667
31257072
31268465
31270078
31277689
31285298
31288832
31292162
31318385
31318392
31337617
31343662
31343664
31350327
31350328
31375522
31393518
31393548
31416802
31436828
31436839
31455674
31486832
31519704
31529018
31543464
31554642
31556923
31578185
31580386
31594766
31631027
31725847
31750868
31771968
31774464
31786140
31796433
31801585
31810986
31821784
31876914
31888763
31911451
31915195
31919052
31924700
31935372
31971541
31974170
31974171
32004442
32027343
32029534
32142667
32171307
32193223
32193224
32200349
32243837
32253265
32269030
32276588
32297905
32341020
32357935
32357994
32371478
32376773
32385075
32398243
32439653
32463456
32469405
32496525
32499221
32513775
32517713
32546576
32556069
32571778
32606137
32656539
32664919
32664995
32669286
32672820
32677976
32690540
32703770
32761102
32761149
32762714
32776015
32792368
32816023
32832918
32852536
32864625
32885175
32887697
32907836
32910151
32970131
32976774
32984844
32988961
32997958
32998735
33004339
33007258
33023892
33028621
33030521
33071215
33076970
33087132
33119036
33125861
33127846
33138841
33151258
33157048
33158842
33158843
33158848
33177060
33180096
33203734
33208393
33211063
33211089
33256806
33257470
33269343
33277314
33303017
33305293
33318037
33328216
33331883
33338425
33355642
33357452
33372007
33385331
33410866
33417832
33434514
33450196
33451982
33458695
33475714
33500244
33504579
33513345
33521652
33541860
33545063
33545065
33569544
33577785
33579786
33589424
33589425
33593877
33599686
33608386
33619116
33619118
33627378
33630025
33632773
33632775
33632899
33637565
33667384
33667385
33681822
33687949
33687950
33687985
33689703
33704353
33707234
33707236
33727225
33727230
33727310
33738458
33741692
33757978
33762354
33768207
33768208
33792646
33795251
33820800
33824136
33830168
33834176
33836152
33837065
33839689
33853830
33853832
33861994
33863776
33879449
33883167
33885704
33893149
33893150
33899001
33902674
33910927
33928261
33941592
33941612
33941613
33941615
33941616
33961783
33975882
33983438
33990397
34003775
34006524
34006525
34009137
34014275
34016623
34019806
34039392
34039636
34045188
34045189
34048709
34049975
34085047
34085048
34086039
34086040
34086042
34087162
34099491
34109316
34112698
34115989
34124690
34127480
34129824
34130720
34137783
34151288
34167951
34171264
34179824
34183355
34193438
34193440
34215620
34224372
34230007
34236401
34244212
34244237
34247146
34264304
34266984
34289988
34296197
34301758
34308366
34312180
34321243
34326162
34329586
34341074
34348967
34353854
34358448
34385184
34386776
34388376
34400395
34404686
34407844
34410305
34414377
34416167
34417224
34429321
34429326
34433585
34447945
34458856
34478639
34479970
34506739
34520734
34531253
34531254
34544752
34544753
34551969
34561242
34597589
34615656
34617979
34647981
34653364
34661163
34673885
34678150
34709356
34711640
34712959
34719426
34739844
34746799
34767762
34772733
34789538
34790902
34796337
34822775
34841254
34848557
34870237
34882189
34927080
34930786
34949653
34966897
34971569
34989765
34990570
34993493
35046097
35078784
35084444
35101864
35115713
35121843
35121884
35121890
35121902
35121903
35121931
35121988
35122038
35122056
35122060
35135829
35175286
35176763
35247891
35262173
35266953
35314826
35320348
35323844
35346322
35348629
35373279
35389432
35389461
35395864
35404441
35405016
35412613
35413271
35420673
35420681
35422502
35427494
35446337
35452603
35469013
35511155
35523176
35534777
35537038
35537412
35537413
35552618
35587340
35618935
35623341
35623342
35652209
35668194
35679026
35723626
35737381
35750052
35764743
35771550
35789380
35817829
35820397
35835961
35849783
35868307
35881881
35904492
35925576
35925581
35944503
35982179
35984649
35985343
36001024
36006625
36027053
36038778
36041084
36048199
36048456
36048457
36050483
36053276
36074460
36098652
36098678
36099881
36099883
36108156
36108240
36121736
36136314
36136321
36136322
36138189
36150390
36165893
36179682
36220073
36220074
36222845
36227603
36227604
36240778
36250888
36253484
36259971
36264123
36264143
36270275
36279204
36287038
36301585
36306790
36306792
36326731
36355382
36355448
36355783
36357700
36371226
36374194
36379208
36394839
36399432
36411318
36416874
36434392
36445254
36454553
36472553
36480190
36513049
36525970
36525973
36563681
36563682
36576405
36581735
36581736
36584673
36585450
36585452
36585453
36602807
36633854
36656572
36690875
36701146
36701150
36706760
36715544
36729432
36729480
36745048
36787696
36795405
36811466
36821125
36847506
36856575
36862439
36883955
36892833
36898378
36914816
36917954
36929873
36939219
36963401
36973430
36997747
37001526
37011008
37021392
37037616
37037617
37059104
37059105
37061969
37068173
37081260
37084735
37088914
37098965
37103922
37116489
37116491
37140445
37140927
37140933
37200021
37236196
37236197
37237081
37248394
37255402
37262067
37262072
37270847
37272843
37285225
37289451
37327789
37336986
37349501
37378557
37422688
37430060
37451272
37471095
37478850
37498574
37537299
37537667
37541244
37552839
37553760
37561485
37584601
37589970
37595587
37623743
37625401
37625402
37651113
37651124
37653141
37676642
37698949
37699333
37712571
37723305
37728660
37733366
37738974
37768068
37774698
37774699
37783807
37802054
37802055
37814010
37814011
37861461
37872381
37883107
37902550
37904046
37916956
37916958
37917078
37922910
37931288
37934007
37943539
37945755
37971722
38032677
38039963
38039964
38060241
38065100
38151625
38175622
38189443
38194912
38195932
38206614
38215749
38216766
38227896
38228835
38230747
38236062
38270937
38278149
38278150
38302992
38315003
38355777
38358339
38366589
38385846
38386926
38416133
38416134
38429413
38458188
38503896
38518774
38519786
38528112
38546551
38546612
38552003
38563906
38564707
38573645
38588399
38593781
38635238
38650005
38655899
38658775
38683144
38683161
38701792
38722664
38744245
38767413
38787341
38819218
38821060
38829053
38829310
38831056
38842838
38867349
38886748
38900051
38906155
38906156
38937803
38969342
38975873
38975874
38975886
38975897
38981438
38990526
38990731
38990734
39009815
39024547
39024552
39024560
39028915
39029462
39029464
39037997
39058036
39058094
39073085
39074365
39080761
39082679
39083807
39086314
39088701
39088832
39106449
39106452
39115419
39137402
39137729
39186665
39186674
39186778
39193992
39207369
39207773
39214094
39214097
39232581
39235774
39235819
39250241
39255776
39261676
39264606
39270646
39289595
39292821
39300320
39304772
39312195
39316756
39325441
39350664
39354225
39394434
39402989
39402990
39406916
39446365
39454577
39476188
39480450
39486411
39492677
39509091
39532065
39548557
39572850
39577420
39587259
39618247
39642889
39658541
39672168
39672169
