9892187
9892195
9892208
9927041
9927043
9927048
9927049
9927059
9973192
9973200
9973203
9973207
9973208
9973210
9973215
9973217
9973221
9973229
10493499
10493501
10493514
10493515
10493518
10493526
10493529
10493533
10519387
10519395
10519399
10519405
10519407
10519408
10519411
10519412
10519418
10537290
10537295
10537298
10537302
10667561
10667563
10667565
10667566
10667594
10667599
10667601
10667603
10676637
10676638
10676642
10676653
10676655
10676658
10676659
10706080
10706083
10706090
10706092
10706099
10706104
10706117
10706125
10706128
10728667
10728683
10728685
10728686
10728694
10728695
10728711
11016660
11034066
11034067
11034070
11034078
11034082
11034092
11034096
11034104
11034108
11059755
11059756
11059761
11059762
11059765
11085519
11085523
11085524
11085526
11085527
11085531
11085535
11085541
11103775
11212283
11221825
11221836
11221839
11221842
11221844
11221853
11221859
11221872
11221891
11245417
11245425
11245428
11245439
11245442
11245449
11245454
11245463
11245466
11245482
11280724
11280725
11280727
11280728
11280730
11280748
11280749
11280753
11280759
11280761
11280763
11280781
11280784
11280794
11280795
11280796
11280798
11280800
11289097
11289104
11289105
11289107
11289112
11289119
11289129
11289148
11289150
11289152
11289153
11289161
11306472
11306482
11306483
11306486
11306488
11306495
11306504
11306511
11309285
11309287
11309298
11309301
11309304
11309306
11309309
11309311
11325816
11325822
11325823
11325827
11325840
11325850
11358807
11358812
11358815
11358819
11358820
11358822
11358824
11358827
11358831
11358832
11358845
11389052
11389053
11389055
11389062
11389065
11389070
11389072
11389075
11389078
11389088
11406532
11406537
11406541
11406548
11406549
11406561
11406566
11406568
11406570
11431321
11431333
11431334
11431335
11431338
11431339
11431343
11431344
11431359
11431364
11431371
11431373
11431375
11431376
11454671
11454672
11454677
11454692
11454708
11454718
11479211
11479213
11479218
11479229
11479233
11479234
11507036
11507044
11507051
11507052
11507055
11507056
11507059
11507064
11507065
11507078
11507081
11507085
11522627
11522630
11522638
11522645
11559528
11559537
11559540
11559549
11559551
11559556
11559561
11559563
11559568
11559572
11559575
11585727
11585735
11585742
11585747
11585749
11585750
11585757
11585763
11585764
11585773
11606379
11606382
11606387
11606389
11606390
11606392
11606394
11606398
11691789
11691804
11691814
11691816
11691825
11719428
11719430
11719434
11719441
11719456
11719459
11719460
11731412
11731426
11731428
11731429
11731440
11751372
11751374
11751384
11751386
11751391
11751396
11751407
11751409
11751413
11782356
11782361
11782374
11782377
11782378
11782380
11782382
11782386
11782390
11782394
11809676
11809677
11809688
11809694
11809695
11809703
11809715
11830509
11830514
11830516
11830519
11830520
11830522
11830533
11830535
11830536
11830538
11830556
11861364
11861372
11861373
11861375
11861383
11861390
11861400
11861405
11888886
11888909
11888916
11888918
11888933
11888934
11912124
11912130
11912133
11912136
11912139
11912140
11912141
11912152
11912157
11912162
11912165
11912169
11929816
11929821
11929822
11929826
11929829
11929837
11956076
11956089
11956090
11956093
11980635
11980637
11980638
11980650
11980651
11980657
11980665
11980673
12019156
12019162
12019170
12019172
12019173
12019182
12036910
12036916
12036931
12036935
12036936
12036944
12036950
12067979
12067992
12067993
12067994
12067995
12067999
12068001
12086851
12086863
12086888
12097262
12097264
12097269
12097273
12097275
12097278
12097283
12097291
12097292
12097294
12097301
12097302
12097303
12124318
12124320
12124324
12124326
12124329
12124336
12124346
12124348
12124350
12124352
12124355
12154018
12154021
12154025
12154032
12154035
12154042
12154044
12154047
12154048
12183419
12183424
12183429
12183431
12183433
12183438
12183441
12208739
12208751
12208752
12208756
12208760
12208765
12208766
12234976
12234988
12234991
12234993
12234995
12234996
12234997
12234999
12235001
12235003
12235005
12235006
12235008
12242152
12242155
12359756
12359769
12359771
12384535
12384537
12384540
12384555
12384560
12384565
12398892
12414625
12414626
12414629
12414630
12414632
12414648
12414650
12414653
12414654
12414666
12438220
12438232
12438236
12438240
12438241
12438243
12438245
12438249
12438251
12438254
12438279
12460899
12460900
12460902
12460931
12498718
12499244
12499247
12499260
12499265
12499270
12499272
12499274
12499276
12499278
12517770
12517774
12517776
12517779
12517783
12517784
12517785
12517800
12517805
12543784
12543795
12543796
12543805
12543806
12566295
12566297
12566299
12566300
12566303
12566309
12566320
12591724
12591738
12615703
12615710
12615723
12615724
12615729
12615734
12649179
12649180
12649186
12649189
12649204
12649205
12649207
12649208
12781366
12957289
14998494
15093545
15193258
15652750
15894263
16169468
16616333
17097563
17418410
17613438
17785208
17996650
18068631
18167337
18167338
18328425
18328430
18691547
18977326
18977329
19046460
19111879
19185845
19185846
19200397
19220884
19276358
19276359
19276360
19276361
19630970
19732719
19778427
19878872
19909553
19962666
19962668
20222977
20478528
20796291
21156282
21156283
21215706
21481795
21645367
21741597
21874163
21984976
22039576
22049316
22128838
22140654
22145099
22264787
22264792
22328973
22340596
22389870
22389871
22390313
22408746
22546217
22559819
22581824
22585167
22585170
22586063
22586682
22588879
22588882
22588883
22589272
22589273
22593188
22593190
22593192
22628407
22628411
22628425
22637726
22665268
22693251
22693252
22698401
22698406
22698407
22700880
22706203
22728437
22728650
22745369
22750847
22750848
22761336
22763855
22777768
22777823
22800464
22805306
22805307
22805309
22805310
22822050
22836753
22846913
22869582
22869584
22896036
22896338
22915753
22915755
22942253
22942254
22952217
22952218
22952221
22956644
22961667
22964580
22964583
22971343
22971344
22986743
22986744
22986747
22987487
22989009
23010078
23019225
23026135
23041549
23041550
23054396
23054397
23066032
23071067
23071132
23079660
23087056
23102107
23108146
23117881
23117882
23135907
23135917
23139214
23149911
23149913
23153537
23161489
23172312
23204224
23204231
23204236
23204238
23204239
23221385
23222305
23229345
23233737
23233738
23243019
23243021
23243022
23243024
23243027
23248119
23269274
23288408
23288508
23319803
23320987
23322009
23328581
23328584
23329645
23333935
23338610
23358651
23358684
23360755
23361301
23365134
23378343
23378345
23384030
23400595
23430699
23436799
23440423
23440425
23442322
23447576
23453623
23492364
23533264
23536556
23536560
23547054
23548269
23576556
23576558
23576559
23576561
23580570
23580576
23610444
23610446
23610450
23612011
23633432
23633481
23633486
23633493
23633494
23651635
23658368
23695549
23695551
23698467
23704208
23715154
23722540
23722545
23737486
23749640
23764425
23771908
23774212
23774217
23776040
23779129
23783577
23794705
23824739
23824742
23824745
23838884
23852537
23861469
23872584
23878190
23921360
23943797
23943798
23946472
23955389
23959857
23975756
23980093
23988031
24008316
24014597
24027196
24030977
24078774
24080278
24080279
24097821
24121493
24142343
24148623
24154870
24154872
24170126
24177178
24189146
24220240
24240702
24247717
24265152
24265154
24282280
24302555
24302581
24305878
24335960
24346431
24351288
24351290
24356096
24356420
24366881
24371230
24398474
24425048
24436047
24436048
24469106
24513958
24628795
24786206
24893890
24934408
25015643
25096233
25100204
25284480
25361845
25421439
25446896
25472943
25481243
25516420
25517750
25517751
25523825
25564517
25584893
25614485
25653136
25670079
25673642
25673643
25847190
25895498
25934077
25952993
25965571
26048374
26096845
26104577
26181023
26181193
26181778
26182194
26182302
26182309
26335650
26373281
26410082
26497583
26555173
26584448
26585400
26720612
26720632
26811325
26847209
26847329
26859456
26893205
26913631
26967260
26977878
26984351
27014745
27072748
27099234
27124325
27147599
27154821
27184426
27231123
27260156
27260157
27301722
27354268
27374224
27388585
27415639
27442865
27467440
27557643
27561170
27577794
27593345
27622333
27630126
27655386
27655433
27657674
27663515
27728806
27728808
27729313
27768180
27832243
27842563
27903500
27974415
27978560
27986707
28069569
28110998
28125762
28193779
28241191
28292440
28366679
28384684
28450426
28552327
28586788
28606127
28606176
28617917
28619981
28652380
28687838
28729405
28796857
28867147
28893801
28898695
28899864
28974232
28974511
29025771
29054992
29075751
29098294
29101163
29162563
29196463
29203461
29222540
29247021
29302695
29304833
29317452
29449271
29458389
29494732
29494739
29496665
29510987
29559471
29566109
29567857
29572226
29572236
29661830
29661831
29710195
29710272
29720369
29724720
29724721
29743287
29748372
29752262
29764866
29769199
29769201
29784854
29800030
29800065
29844120
29844125
29853604
29853643
29871936
29880584
29884728
29895675
29898993
29931168
29945958
29959151
29967260
29997230
30003233
30003237
30026324
30026332
30032112
30073261
30093562
30115697
30135192
30154150
30154153
30181178
30181179
30185547
30185548
30213835
30217873
30224373
30228179
30254092
30254093
30257958
30266815
30267032
30279173
30286239
30286780
30287678
30297536
30315114
30322863
30326010
30347008
30348809
30352814
30373918
30422152
30422249
30482774
30489611
30504123
30510121
30538122
30570649
30573522
30578357
30589925
30622115
30626627
30630822
30643017
30676622
30679180
30696657
30730552
30765600
30787016
30808673
30824588
30844036
30862722
30894372
30910803
30914430
30914431
30940663
30952632
30952657
30967398
30996049
31014364
31040105
31043378
31043430
31064845
31070691
31118200
31142509
31142515
31154457
31158272
31182116
31186232
31186238
31194225
31194228
31201162
31219523
31227518
31239271
31266769
31266770
31266772
31294762
31340850
31340937
31378680
31415063
31466944
31474569
31554641
31575540
31575541
31582374
31601552
31631026
31649109
31670750
31699795
31744829
31752970
31776131
31805962
31888672
31895405
31915197
31917398
31944219
31978326
31992353
32001516
32027353
32046984
32134428
32188705
32188706
32188707
32213539
32239218
32300059
32341021
32444465
32467343
32469386
32496507
32513774
32606138
32613204
32699033
32701148
32703768
32703769
32727735
32761153
32789511
32795401
32826231
32938586
32958579
32984843
33127842
33217342
33270132
33287876
33300956
33318036
33328215
33334730
33338427
33417831
33482121
33508216
33568355
33632898
33637566
33653692
33662100
33685991
33687951
33687952
33711272
33740421
33741710
33757970
33766890
33782098
33848478
33884374
33914025
33926920
33930309
33941591
33972311
34035082
34045187
34083249
34099494
34108141
34110383
34115987
34117030
34133951
34140290
34145035
34145036
34155000
34167949
34167950
34171263
34179826
34183356
34215619
34233924
34244236
34257082
34261675
34266893
34301759
34301763
34301793
34341073
34344693
34372909
34389641
34433584
34496935
34551968
34568836
34591081
34610950
34615655
34620690
34624218
34656143
34673916
34678152
34734979
34738088
34738089
34739845
34753749
34853079
34854874
34951957
34989781
34991679
35024781
35050342
35093134
35120601
35121864
35121878
35121889
35121989
35122025
35122036
35122055
35216676
35216678
35228749
35256819
35297944
35393580
35422503
35437317
35443279
35452604
35499757
35554512
35637402
35638972
35654861
35658124
35660135
35668193
35674408
35681100
35737367
35788723
35836241
35900734
35904479
35924979
35985342
36027915
36027916
36054547
36055226
36074473
36107411
36196573
36227613
36253486
36259947
36273324
36326746
36331284
36332624
36344707
36394867
36411320
36416812
36477267
36510010
36539501
36633877
36638784
36646856
36700848
36715691
36732634
36734633
36759733
36898380
36927792
36946782
36995690
37026695
37038004
37062002
37084736
37103920
37142692
37146605
37169842
37169843
37172581
37207655
37227734
37236195
37277530
37327788
37382965
37419119
37474835
37537301
37582362
37590003
37615960
37651310
37707820
37707822
37849038
37861452
37863066
37924330
37930156
37966260
37971197
38104096
38134936
38153744
38157865
38172338
38195933
38206609
38236593
38236605
38241033
38286827
38358761
38402610
38413714
38428410
38443662
38458187
38512297
38552005
38553617
38591846
38593348
38602683
38608702
38637658
38691346
38742767
38750245
38780929
38788720
38831058
38842797
38861924
38869885
38935372
38942025
38958646
38959428
38980802
38992135
39005051
39024548
39088221
39094066
39137400
39179926
39241781
39264686
39269178
39288077
39292810
39312191
39366375
39393354
39393357
39446377
39478117
39478119
39478120
39515327
39528835
39558146
39577421
39627554
39681653
