20159610
21251613
24360797
24735925
24746703
24882515
25026213
25220446
25759022
25936644
26028330
26267535
27165742
27989801
28486106
28486108
30773340
32049046
32183950
32860752
33096021
33186520
33357454
33450198
33740421
34019807
34653365
34971568
35303421
35484420
35594863
36084651
36099882
36113475
36240777
36271172
36306790
36306792
36332622
36379207
36459995
36563680
36706761
36894639
36963399
36963400
37012401
37059106
37172580
37244259
37352863
37478851
37537298
37550516
37683638
37683639
37738973
37774697
37816331
37832554
37845485
38039962
38101410
38168935
38181795
38200243
38242125
38347143
38402609
38579725
38593780
38593781
38593782
38609488
38640932
38759655
38788718
38788719
38821061
38906157
38942025
38942026
38981439
39029462
39029466
39137726
39137727
39198689
39242942
39255777
39303724
39303725
39327501
39406186
39515328
39543363
39547231
39642888
39672166
39710801
