9927052
10197617
10197635
10374844
10403559
10408900
10424790
10454252
10482992
10485455
10519398
10530763
10530783
10618717
10704743
10737711
10754205
10763823
10779646
10799746
10806300
10850434
10851070
10851074
10865968
10893444
10914555
10919636
10919664
10949931
11077437
11098087
11103796
11179834
11196168
11245443
11248420
11289154
11306446
11313947
11369141
11431107
11431363
11439345
11448536
11463491
11507034
11520598
11578812
11593385
11731414
11741739
11751411
11840285
12049819
12082536
12096343
12097280
12101418
12101421
12127686
12154039
12175546
12213291
12430184
12517806
12584571
12592382
12609714
12618337
12618760
12629515
12750264
12750701
12810630
12963129
14559808
14559848
14580691
14583462
14607329
14607331
14732220
14737077
14744769
14871847
15026356
15036662
15050734
15050735
15126338
15150120
15231674
15256476
15312686
15327837
15341023
15363544
15488639
15520208
15533592
15548702
15574785
15596295
15670898
15766593
15797630
15805295
15863267
15863268
15882924
15885896
15885897
15890233
15890241
15890245
15896459
15896464
15905022
15914278
15930303
15935551
15975709
16004934
16019138
16023288
16061679
16125303
16126335
16157223
16166325
16169661
16204084
16243430
16249053
16289546
16297711
16309826
16341046
16387424
16399223
16399228
16453003
16455193
16458120
16489010
16510572
16516378
16540654
16540685
16697106
16740724
16818630
16919867
16951151
16963181
17047058
17178861
17178872
17234754
17301815
17332338
17361227
17440102
17483345
17510411
17638902
17671211
17689859
17699787
17960171
18006810
18006841
18006853
18089783
18089822
18094713
18243528
18314418
18339849
18339886
18381445
18413751
18423982
18430509
18606492
18676852
18701210
18701487
18701494
18760876
18794131
18805633
18809243
18809246
18829532
18922923
19010909
19091461
19168281
19225539
19233551
19251361
19276369
19282830
19332363
19351859
19369267
19435892
19457608
19477063
19477064
19491270
19560264
19589639
19602597
19625121
19880244
19887603
19903847
19913353
19942342
20056528
20068157
20145123
20145132
20150368
20233879
20350781
20501832
20570896
20587516
20673698
20805302
20876807
20927134
20940408
20974518
20978205
21056989
21062976
21079611
21123455
21159652
21159654
21169409
21224350
21224352
21295525
21397390
21518779
21555369
21565841
21757288
21788102
21840486
21911455
21990321
22088965
22231444
22259050
22266860
22282655
22306340
22330137
22361176
22388104
22410781
22410782
22411953
22450752
22465052
22562248
22593189
22659453
22689053
22822083
22826604
22935675
22939995
22946104
22986528
23002208
23002211
23045282
23047866
23064741
23074199
23085755
23135908
23139208
23149922
23204235
23208507
23210897
23221382
23318453
23376845
23442323
23548270
23684929
23687336
23698466
23698468
23722541
23787763
23832667
23852160
23878190
23911596
23912452
23929217
23934190
23943800
23975427
23995788
24014597
24037526
24057885
24101738
24285724
24327583
24335959
24442206
24491801
24735751
24735752
24903148
24933454
24944078
24949857
24998847
25043297
25060522
25149065
25205106
25217518
25218595
25228650
25263444
25281721
25293974
25351956
25381814
25381822
25428263
25444917
25449439
25477335
25497009
25553241
25592043
25596376
25615422
25619834
25619838
25661733
25721086
25858147
25867063
25915848
25976769
25978433
26018085
26020027
26020032
26052093
26100670
26122848
26156322
26181771
26230955
26276725
26282787
26297988
26376228
26454215
26454217
26515391
26679051
26679052
26683774
26734578
26742461
26832848
26902421
26965996
26989656
26992741
27030951
27055875
27060206
27060207
27130449
27177472
27216190
27221705
27233474
27310478
27328732
27431312
27485450
27567526
27569210
27716741
27725225
27746161
27758880
27760788
27781197
27865799
27909065
27940127
27965041
28061796
28069801
28109910
28122633
28209618
28241877
28249903
28327179
28339748
28381546
28450160
28533271
28576130
28610954
28610956
28625979
28652022
28652251
28697759
28835422
28841206
28893612
28939680
29036598
29093007
29132432
29234633
29274359
29496538
29596890
29599405
29618722
29627497
29746926
29855336
29888206
29913235
29921696
29944905
29945960
29960050
29981429
30026175
30031116
30040982
30104611
30165196
30190467
30197794
30312731
30391358
30439539
30488021
30488023
30526672
30543813
30639533
30683126
30696468
30771438
30877109
31015229
31019901
31051214
31055111
31078734
31192153
31192155
31324208
31358528
31431460
31431462
31593589
31611550
31640815
31653686
31753019
31799205
31812697
31847880
31875524
31987921
32238472
32328646
32353468
32399434
32417395
32561533
32561637
32647634
32816907
32861705
32863270
32978170
32987140
32999870
33037116
33046442
33068700
33177111
33232786
33243934
33268351
33271263
33420364
33574089
33741425
33753566
33754155
33771897
33775711
33824135
34145039
34226567
34265398
34301760
34414122
34599024
34606928
34610415
34635181
34663641
34753774
34785653
34808284
34808523
34950180
34950185
34953402
34974522
34999733
35033588
35091680
35149839
35222505
35418692
35459781
35490920
35501460
35666812
35718267
35738801
35794621
35902043
35950912
36002186
36158593
36315960
36354374
36493600
36599822
36638332
36669725
36872921
37029450
37088327
37384617
37403120
37463789
37558665
37620448
37669022
37865161
38058418
38123014
38177412
38195587
38253683
38311053
38344446
38344447
38476293
38594285
38722640
38749537
38920249
38945201
39042374
39197583
39232586
39435270
39435274
39618248
39709501
40144467
40144469
